"cruise_number","event","year","latitude","longitude","PrDM","sf6_obs","Gamma","Delta","sf6_model","error","converged"
1,"16",2015,56.1098,-53.1173,3369.873,1.88,14.3630910983554,14.3627283893208,1.84587157885771,0.00116474912966518,FALSE
2,"16",2015,56.1098,-53.1173,3292.068,1.75,15.5806355774168,14.1299309345,1.75000000146757,2.15377036959436e-18,TRUE
3,"16",2015,56.1098,-53.1173,3218.816,1.6,17.6195491775354,13.9197586940718,1.59999999863433,1.86506370486204e-18,TRUE
4,"16",2015,56.1098,-53.1173,3119.243,1.41,20.6470521869964,14.2919546796334,1.40999999933761,4.38755700482787e-19,TRUE
5,"16",2015,56.1098,-53.1173,3000.115,1.22,23.2361270577347,13.3542641478757,1.21999999564484,1.89674129139949e-17,TRUE
6,"16",2015,56.1098,-53.1173,2859.397,1.13,24.4900190229861,12.8604890482446,1.12999999916617,6.95275624819552e-19,TRUE
7,"16",2015,56.1098,-53.1173,2700.83,0.88,28.0091481385314,11.1883841105063,0.879999999564032,1.90068034615125e-19,TRUE
8,"16",2015,56.1098,-53.1173,2518.82,1.06,25.4726037337285,12.4413018181454,1.05999999936725,4.00368441902583e-19,TRUE
9,"16",2015,56.1098,-53.1173,2318.751,1.15,24.2103006781348,12.9742454585214,1.1499999989528,1.09662573342472e-18,TRUE
10,"16",2015,56.1098,-53.1173,2101.96,1.23,23.0976720185819,13.406506134253,1.22999999443413,3.09789457897103e-17,TRUE
11,"16",2015,56.1098,-53.1173,1879.664,1.24,22.9594162595287,13.4582959636189,1.23999999287029,5.08326940796001e-17,TRUE
12,"16",2015,56.1098,-53.1173,1620.354,2.13,16.0942548298205,16.0936176394682,1.7691592668407,0.130206034706942,FALSE
13,"16",2015,56.1098,-53.1173,1399.255,2.21,15.5959819640859,15.5942064722013,1.79054725415837,0.175940605994084,FALSE
14,"16",2015,56.1098,-53.1173,1180.636,2.47,15.33790665293,15.337328236617,1.80187866532764,0.446386117844371,FALSE
15,"16",2015,56.1098,-53.1173,961.763,2.59,15.8759395374109,15.8755391687094,1.77848816004801,0.658551466382266,FALSE
16,"16",2015,56.1098,-53.1173,762.25,2.42,15.2722696186563,15.2497610565984,1.80415745807391,0.37926203644599,FALSE
17,"16",2015,56.1098,-53.1173,581.088,2.37,14.6894752684102,14.6889352293699,1.83090226999699,0.290626362494394,FALSE
18,"16",2015,56.1098,-53.1173,430.408,2.46,15.288298835597,15.2873956734972,1.80405746000812,0.430260615771005,FALSE
19,"16",2015,56.1098,-53.1173,311.218,2.42,15.2722696186563,15.2497610565984,1.80415745807391,0.37926203644599,FALSE
20,"16",2015,56.1098,-53.1173,201.265,2.51,15.4973322733262,15.4933253761496,1.7947864040735,0.511530487798118,FALSE
21,"16",2015,56.1098,-53.1173,100.338,2.43,15.1683059871263,15.1677510390804,1.80938141694385,0.385167425634628,FALSE
22,"16",2015,56.1098,-53.1173,51.281,2.73,16.2194514512566,16.2191731126224,1.76386682009541,0.933413321312548,FALSE
23,"16",2015,56.1098,-53.1173,24.374,2.9,16.6146855890721,16.6133538660761,1.74730166583499,1.32871344958678,FALSE
24,"16",2015,56.1098,-53.1173,2.305,2.84,16.4802084864856,16.4799663033705,1.75292397996895,1.18173427332656,FALSE
25,"23",2015,56.5398,-52.6788,3542.453,1.83,14.5478856153233,14.2863288212129,1.83000000004128,1.7037159073436e-21,TRUE
26,"23",2015,56.5398,-52.6788,3432.243,1.71,16.1256106522595,14.0995896958617,1.70999999864646,1.83208120724028e-18,TRUE
27,"23",2015,56.5398,-52.6788,3380.117,1.68,16.5278012511615,14.0498537957885,1.67999999857643,2.02654312313936e-18,TRUE
28,"23",2015,56.5398,-52.6788,3278.844,1.21,23.3747745482404,13.3015500009338,1.20999999657746,1.17137863308776e-17,TRUE
29,"23",2015,56.5398,-52.6788,3159.14,1.18,23.7918011446606,13.1403758603354,1.17999999824621,3.07577703499259e-18,TRUE
30,"23",2015,56.5398,-52.6788,3028.405,1.09,25.0509073663273,12.6251475256099,1.08999999933178,4.46513712134602e-19,TRUE
31,"23",2015,56.5398,-52.6788,2858.502,1.18,23.7918011446606,13.1403758603354,1.17999999824621,3.07577703499259e-18,TRUE
32,"23",2015,56.5398,-52.6788,2659.981,0.99,26.4587456198495,11.9857437538557,0.990000026228763,6.87948034447864e-16,TRUE
33,"23",2015,56.5398,-52.6788,2439.369,1.04,25.7541106587346,12.3150360795584,1.03999999937767,3.87292927539869e-19,TRUE
34,"23",2015,56.5398,-52.6788,2208.863,0.94,27.1638405334449,11.6360675389829,0.940000002894364,8.37734279499024e-18,TRUE
35,"23",2015,56.5398,-52.6788,1969.774,1.01,26.1767809527002,12.1198482848101,1.01000005384772,2.89957688399309e-15,TRUE
36,"23",2015,56.5398,-52.6788,1720.764,2.1,16.0526502092351,16.0520550252902,1.77092953284175,0.108287372355752,FALSE
37,"23",2015,56.5398,-52.6788,1500.709,2.29,14.5469005004429,14.5466788608582,1.83741816039553,0.204830321539765,FALSE
38,"23",2015,56.5398,-52.6788,1277.623,2.2,15.5130160036958,15.5123603568673,1.79419536348092,0.164677403020382,FALSE
39,"23",2015,56.5398,-52.6788,1070.606,2.31,14.5966440583066,14.5960471334454,1.83513211733834,0.225499505983569,FALSE
40,"23",2015,56.5398,-52.6788,870.124,2.5,15.4508609677255,15.4503611218367,1.79691870112116,0.494323312833155,FALSE
41,"23",2015,56.5398,-52.6788,679.997,2.5,15.4508609677255,15.4503611218367,1.79691870112116,0.494323312833155,FALSE
42,"23",2015,56.5398,-52.6788,505.734,2.53,15.8663294421572,15.8660114710884,1.77890306951904,0.564146598977924,FALSE
43,"23",2015,56.5398,-52.6788,359.642,2.62,15.9505545539102,15.9498721132936,1.7752831966469,0.71354647786708,FALSE
44,"23",2015,56.5398,-52.6788,219.871,2.51,15.4973322733262,15.4933253761496,1.7947864040735,0.511530487798118,FALSE
45,"23",2015,56.5398,-52.6788,101.367,2.92,16.6727508144328,16.6561365101774,1.7444696515863,1.38187160004164,FALSE
46,"23",2015,56.5398,-52.6788,49.459,3.04,16.9131169243578,16.9128483624926,1.73504680234479,1.70290284807055,FALSE
47,"23",2015,56.5398,-52.6788,25.654,2.83,16.4567333945966,16.4560729071029,1.7538919943914,1.15800843973492,FALSE
48,"44",2015,57.3803,-51.7913,3580.961,1.82,14.6752582980026,14.265793887755,1.8200000003884,1.50851783832092e-19,TRUE
49,"44",2015,57.3803,-51.7913,3498.89,1.87,14.3345964171985,14.334493740141,1.84719697307399,0.000519978036988398,FALSE
50,"44",2015,57.3803,-51.7913,3409.75,1.8,14.9267105427588,14.2132751208642,1.79999996975525,9.1474501229793e-16,TRUE
51,"44",2015,57.3803,-51.7913,3300.247,1.26,22.6835290891836,13.5605992485125,1.25999998828204,1.37310579851054e-16,TRUE
52,"44",2015,57.3803,-51.7913,3180.436,1.2,23.5136075026585,13.2483437527812,1.19999999729176,7.33456311003603e-18,TRUE
53,"44",2015,57.3803,-51.7913,3039.733,1.03,25.8949539545919,12.2507561549467,1.02999999938126,3.82841871218841e-19,TRUE
54,"44",2015,57.3803,-51.7913,2879.885,1.03,25.8949539545919,12.2507561549467,1.02999999938126,3.82841871218841e-19,TRUE
55,"44",2015,57.3803,-51.7913,2692.093,1.13,24.4900190229861,12.8604890482446,1.12999999916617,6.95275624819552e-19,TRUE
56,"44",2015,57.3803,-51.7913,2479.908,1.08,25.1913874314081,12.5645887030742,1.07999999934784,4.25318882839634e-19,TRUE
57,"44",2015,57.3803,-51.7913,2250.829,1.06,25.4726037337285,12.4413018181454,1.05999999936725,4.00368441902583e-19,TRUE
58,"44",2015,57.3803,-51.7913,2009.808,1.35,21.4536985740001,14.0041266226638,1.34999999936561,4.02453329452255e-19,TRUE
59,"44",2015,57.3803,-51.7913,1770.593,1.82,14.6752582980026,14.265793887755,1.8200000003884,1.50851783832092e-19,TRUE
60,"44",2015,57.3803,-51.7913,1530.749,2.46,15.288298835597,15.2873956734972,1.80405746000812,0.430260615771005,FALSE
61,"44",2015,57.3803,-51.7913,1290.027,2.7,16.0168690864373,16.0164317653518,1.77245823148123,0.860333732346924,FALSE
62,"44",2015,57.3803,-51.7913,1071.314,2.54,15.6331558062199,15.6330200828092,1.78897759242185,0.564034656684486,FALSE
63,"44",2015,57.3803,-51.7913,870.833,2.56,15.7208176695565,15.7203700328791,1.78516999366062,0.600361538723881,FALSE
64,"44",2015,57.3803,-51.7913,679.661,2.5,15.4508609677255,15.4503611218367,1.79691870112116,0.494323312833155,FALSE
65,"44",2015,57.3803,-51.7913,511.806,2.58,15.8074129416177,15.8072744500782,1.78144174915734,0.637695279988885,FALSE
66,"44",2015,57.3803,-51.7913,362.491,2.49,15.3690488678137,15.3681406498218,1.80049856554048,0.475412228121735,FALSE
67,"44",2015,57.3803,-51.7913,222.052,2.68,15.9437540348448,15.9434340301757,1.77558429145733,0.81796777385874,FALSE
68,"44",2015,57.3803,-51.7913,100.95,2.66,15.8835683828149,15.8828457360549,1.77815170605916,0.777656413526374,FALSE
69,"44",2015,57.3803,-51.7913,51.377,3.12,17.0143064032555,17.0126530563754,1.73088112478977,1.92965124946534,FALSE
70,"44",2015,57.3803,-51.7913,26.181,3.06,16.9596689320452,16.9516499058479,1.73292882871688,1.76111789365075,FALSE
71,"44",2015,57.3803,-51.7913,2.398,3.03,16.8943365546506,16.8938252860696,1.73580807309092,1.67493274367663,FALSE
72,"55",2015,57.8008,-51.3437,3679.842,2,14.4987846189695,14.4970966308443,1.83958326137335,0.0257335300316119,FALSE
73,"55",2015,57.8008,-51.3437,3589.007,2.01,14.8207773979628,14.8203749278688,1.82495428295396,0.0342419173970839,FALSE
74,"55",2015,57.8008,-51.3437,3488.131,1.71,16.1256106522595,14.0995896958617,1.70999999864646,1.83208120724028e-18,TRUE
75,"55",2015,57.8008,-51.3437,3379.564,1.56,18.1728439439912,13.8481684143958,1.55999999872818,1.61753284592445e-18,TRUE
76,"55",2015,57.8008,-51.3437,3250.862,1.21,23.3747745482404,13.3015500009338,1.20999999657746,1.17137863308776e-17,TRUE
77,"55",2015,57.8008,-51.3437,3116.477,1.13,24.4900190229861,12.8604890482446,1.12999999916617,6.95275624819552e-19,TRUE
78,"55",2015,57.8008,-51.3437,2940.526,1.1,24.9105228674122,12.6850018869059,1.09999999930894,4.77566207344569e-19,TRUE
79,"55",2015,57.8008,-51.3437,2741.101,0.99,26.4587456198495,11.9857437538557,0.990000026228763,6.87948034447864e-16,TRUE
80,"55",2015,57.8008,-51.3437,2518.978,1.05,25.6133246945548,12.3785474672563,1.04999999937317,3.92909904524619e-19,TRUE
81,"55",2015,57.8008,-51.3437,2286.763,1.23,23.0976720185819,13.406506134253,1.22999999443413,3.09789457897103e-17,TRUE
82,"55",2015,57.8008,-51.3437,2004.14,1.2,23.5136075026585,13.2483437527812,1.19999999729176,7.33456311003603e-18,TRUE
83,"55",2015,57.8008,-51.3437,1720.78,2.02,14.7806780253022,14.7798014277225,1.82675451536952,0.0373438173300698,FALSE
84,"55",2015,57.8008,-51.3437,1500.86,2.31,14.5966440583066,14.5960471334454,1.83513211733834,0.225499505983569,FALSE
85,"55",2015,57.8008,-51.3437,1301.043,2.46,15.288298835597,15.2873956734972,1.80405746000812,0.430260615771005,FALSE
86,"55",2015,57.8008,-51.3437,1072.272,2.71,16.0422460249993,16.0404593534369,1.7713390108858,0.881084452484844,FALSE
87,"55",2015,57.8008,-51.3437,867.88,2.37,14.6894752684102,14.6889352293699,1.83090226999699,0.290626362494394,FALSE
88,"55",2015,57.8008,-51.3437,682.249,2.35,14.9231732281032,14.922245205382,1.82032467401446,0.280555950957887,FALSE
89,"55",2015,57.8008,-51.3437,510.838,2.57,15.7646630327083,15.7637590774514,1.78326312221812,0.618954914861976,FALSE
90,"55",2015,57.8008,-51.3437,362.278,2.68,15.9437540348448,15.9434340301757,1.77558429145733,0.81796777385874,FALSE
91,"55",2015,57.8008,-51.3437,220.115,2.84,16.4802084864856,16.4799663033705,1.75292397996895,1.18173427332656,FALSE
92,"55",2015,57.8008,-51.3437,100.677,2.82,16.3031178443768,16.3026469978029,1.76033531381696,1.1228892471434,FALSE
93,"55",2015,57.8008,-51.3437,50.459,2.95,16.7216977678597,16.7215047099694,1.74290889473222,1.45706893641658,FALSE
94,"55",2015,57.8008,-51.3437,26.774,3,16.8431879386628,16.8288156190758,1.73751501128005,1.59386834674322,FALSE
95,"55",2015,57.8008,-51.3437,2.589,2.87,16.3525759470605,16.3456514679552,1.75807633716353,1.23637423197567,FALSE
96,"69",2015,58.6388,-50.4173,3565.631,2.05,15.4553498124235,15.4551360549834,1.79673011150741,0.0641456364170468,FALSE
97,"69",2015,58.6388,-50.4173,3521.236,2.05,15.4553498124235,15.4551360549834,1.79673011150741,0.0641456364170468,FALSE
98,"69",2015,58.6388,-50.4173,3429.349,2.03,14.9697309867773,14.9639590184109,1.8180977103676,0.044902580351452,FALSE
99,"69",2015,58.6388,-50.4173,3319.72,1.66,16.7979902673248,14.0167668253604,1.65999999854613,2.1137428901257e-18,TRUE
100,"69",2015,58.6388,-50.4173,3200.893,1.5,19.0126484943428,13.7336559676202,1.49999999894732,1.10813927020375e-18,TRUE
101,"69",2015,58.6388,-50.4173,3059.83,1.21,23.3747745482404,13.3015500009338,1.20999999657746,1.17137863308776e-17,TRUE
102,"69",2015,58.6388,-50.4173,2900.593,1.16,24.0706495596636,13.0302046350135,1.15999999878364,1.47951952667267e-18,TRUE
103,"69",2015,58.6388,-50.4173,2710.964,0.98,26.5997595159019,11.9174709418022,0.980000017839983,3.18264979250253e-16,TRUE
104,"69",2015,58.6388,-50.4173,2500.621,1.09,25.0509073663273,12.6251475256099,1.08999999933178,4.46513712134602e-19,TRUE
105,"69",2015,58.6388,-50.4173,2270.486,0.9,27.7275746432115,11.3410738098402,0.89999999988538,1.31376889535983e-20,TRUE
106,"69",2015,58.6388,-50.4173,2020.082,0.99,26.4587456198495,11.9857437538557,0.990000026228763,6.87948034447864e-16,TRUE
107,"69",2015,58.6388,-50.4173,1768.243,0.9,27.7275746432115,11.3410738098402,0.89999999988538,1.31376889535983e-20,TRUE
108,"69",2015,58.6388,-50.4173,1530.856,1.03,25.8949539545919,12.2507561549467,1.02999999938126,3.82841871218841e-19,TRUE
109,"69",2015,58.6388,-50.4173,1291.534,1.24,22.9594162595287,13.4582959636189,1.23999999287029,5.08326940796001e-17,TRUE
110,"69",2015,58.6388,-50.4173,1072.097,2.08,15.5520061176601,15.5519179397609,1.79250987889226,0.0826505697345433,FALSE
111,"69",2015,58.6388,-50.4173,873.531,2.28,14.5271581334566,14.5178370386271,1.83806656381882,0.195305162014908,FALSE
112,"69",2015,58.6388,-50.4173,683.293,2.18,15.4056926347004,15.4055199792183,1.79890892478347,0.145230407609689,FALSE
113,"69",2015,58.6388,-50.4173,511.599,2.14,16.223027850664,16.2221365857368,1.76369860063237,0.141602743166036,FALSE
114,"69",2015,58.6388,-50.4173,360.296,2.04,15.1142471772465,15.1134010672952,1.81177753617248,0.0520854929955057,FALSE
115,"69",2015,58.6388,-50.4173,222.252,2.58,15.8074129416177,15.8072744500782,1.78144174915734,0.637695279988885,FALSE
116,"69",2015,58.6388,-50.4173,101.626,2.87,16.3525759470605,16.3456514679552,1.75807633716353,1.23637423197567,FALSE
117,"69",2015,58.6388,-50.4173,49.733,2.82,16.3031178443768,16.3026469978029,1.76033531381696,1.1228892471434,FALSE
118,"69",2015,58.6388,-50.4173,26.119,2.93,16.696980879374,16.6747333083563,1.74331068414008,1.40823153237608,FALSE
119,"69",2015,58.6388,-50.4173,3.181,2.88,16.6346889320421,16.6339435101399,1.74648933486267,1.28484642798007,FALSE
120,"82",2015,59.0702,-49.9495,3512.153,1.85,14.3050026565908,14.3048582194751,1.84856670567395,2.05433262508138e-06,FALSE
121,"82",2015,59.0702,-49.9495,3452.075,1.58,17.8956008169048,13.8845743849836,1.57999999867555,1.75416984553997e-18,TRUE
122,"82",2015,59.0702,-49.9495,3370.142,1.6,17.6195491775354,13.9197586940718,1.59999999863433,1.86506370486204e-18,TRUE
123,"82",2015,59.0702,-49.9495,3267.467,1.43,20.3811952497775,14.3882814656732,1.42999999930758,4.79449929255852e-19,TRUE
124,"82",2015,59.0702,-49.9495,3149.424,1.46,19.9855858787045,14.5340917376522,1.45999999920279,6.35538240342026e-19,TRUE
125,"82",2015,59.0702,-49.9495,3020.32,1.24,22.9594162595287,13.4582959636189,1.23999999287029,5.08326940796001e-17,TRUE
126,"82",2015,59.0702,-49.9495,2860.584,1.08,25.1913874314081,12.5645887030742,1.07999999934784,4.25318882839634e-19,TRUE
127,"82",2015,59.0702,-49.9495,2661.551,1.2,23.5136075026585,13.2483437527812,1.19999999729176,7.33456311003603e-18,TRUE
128,"82",2015,59.0702,-49.9495,2438.583,1.11,24.7702415606604,12.7441665555616,1.10999999927648,5.23486523347275e-19,TRUE
129,"82",2015,59.0702,-49.9495,2208.408,1.02,26.0358468840168,12.185696839304,1.01999999938428,3.79108011487975e-19,TRUE
130,"82",2015,59.0702,-49.9495,1971.562,1.17,23.9311472145158,13.0855752210296,1.16999999855436,2.08986360440746e-18,TRUE
131,"82",2015,59.0702,-49.9495,1701.024,2.06,15.3740242402072,15.3712142078681,1.80022624209241,0.0674824052974295,FALSE
132,"82",2015,59.0702,-49.9495,1500.898,2.27,14.2685328261162,14.2683413920869,1.85025762573762,0.176183660751424,FALSE
133,"82",2015,59.0702,-49.9495,1280.012,2.38,15.1250988478869,15.1249977960039,1.8113153588995,0.323402221023604,FALSE
134,"82",2015,59.0702,-49.9495,1070.112,2.41,15.0757407681211,15.075341881079,1.81350661657234,0.355804356472979,FALSE
135,"82",2015,59.0702,-49.9495,872.237,2.19,15.3921243190232,15.3921031709691,1.79950912261223,0.152483125323068,FALSE
136,"82",2015,59.0702,-49.9495,679.873,2.33,14.6507086584614,14.6505559419764,1.83267786957417,0.247329301411284,FALSE
137,"82",2015,59.0702,-49.9495,509.808,2.25,15.9257631819564,15.9255685756203,1.77635787954274,0.224336858271248,FALSE
138,"82",2015,59.0702,-49.9495,360.536,2.33,14.6507086584614,14.6505559419764,1.83267786957417,0.247329301411284,FALSE
139,"82",2015,59.0702,-49.9495,222.556,2.63,15.7766256201397,15.7764912036083,1.78276868324401,0.717800904092082,FALSE
140,"82",2015,59.0702,-49.9495,102.867,2.81,16.198929474391,16.1983750068725,1.76472609345203,1.09259753971005,FALSE
141,"82",2015,59.0702,-49.9495,51.205,2.83,16.4567333945966,16.4560729071029,1.7538919943914,1.15800843973492,FALSE
142,"82",2015,59.0702,-49.9495,23.752,3.26,17.1948959951838,17.1941072347181,1.72358784385383,2.36056231355373,FALSE
143,"82",2015,59.0702,-49.9495,2.782,2.99,16.8096698416533,16.8089869107642,1.73927422014298,1.56431497639895,FALSE
144,"91",2015,59.4803,-49.4743,3444.913,1.89,14.5464747480949,14.5462402140719,1.83743729730781,0.00276283771430807,FALSE
145,"91",2015,59.4803,-49.4743,3380.459,2.02,14.7806780253022,14.7798014277225,1.82675451536952,0.0373438173300698,FALSE
146,"91",2015,59.4803,-49.4743,3300.317,1.86,14.3292651806012,14.3286335842722,1.84742889374078,0.000158032712580555,FALSE
147,"91",2015,59.4803,-49.4743,3200.534,1.64,17.0697636087199,13.983511999144,1.63999999853348,2.15069333296525e-18,TRUE
148,"91",2015,59.4803,-49.4743,3081.157,1.54,18.4519071832094,13.8119621056868,1.53999999880682,1.4236869886723e-18,TRUE
149,"91",2015,59.4803,-49.4743,2946.144,1.25,22.8213664442148,13.509653656085,1.24999999085911,8.35557896253709e-17,TRUE
150,"91",2015,59.4803,-49.4743,2789.532,1.29,22.2713560978653,13.7111659844463,1.28999997545519,6.0244753258313e-16,TRUE
151,"91",2015,59.4803,-49.4743,2610.581,0.96,26.8818109360012,11.778445293431,0.960000007712304,5.94796383978934e-17,TRUE
152,"91",2015,59.4803,-49.4743,2410.192,1.14,24.3500930249177,12.9176794972149,1.13999999907651,8.52840251727818e-19,TRUE
153,"91",2015,59.4803,-49.4743,2189.271,1.05,25.6133246945548,12.3785474672563,1.04999999937317,3.92909904524619e-19,TRUE
154,"91",2015,59.4803,-49.4743,1960.53,0.92,27.4457835673349,11.490290366701,0.920000000757537,5.73861683693968e-19,TRUE
155,"91",2015,59.4803,-49.4743,1728.798,1.11,24.7702415606604,12.7441665555616,1.10999999927648,5.23486523347275e-19,TRUE
156,"91",2015,59.4803,-49.4743,1501.699,1.33,21.7251765813468,13.9074396722289,1.32999999936743,4.00141991154878e-19,TRUE
157,"91",2015,59.4803,-49.4743,1281.262,1.4,20.7805849214546,14.2439632831626,1.39999999934676,4.2672788744695e-19,TRUE
158,"91",2015,59.4803,-49.4743,1071.433,2.13,16.0942548298205,16.0936176394682,1.7691592668407,0.130206034706942,FALSE
159,"91",2015,59.4803,-49.4743,868.239,1.87,14.3345964171985,14.334493740141,1.84719697307399,0.000519978036988398,FALSE
160,"91",2015,59.4803,-49.4743,680.904,2,14.4987846189695,14.4970966308443,1.83958326137335,0.0257335300316119,FALSE
161,"91",2015,59.4803,-49.4743,509.966,2.48,15.3747395487533,15.3747233785002,1.8002733947722,0.462028257854512,FALSE
162,"91",2015,59.4803,-49.4743,361.023,2.54,15.6331558062199,15.6330200828092,1.78897759242185,0.564034656684486,FALSE
163,"91",2015,59.4803,-49.4743,225.324,2.61,15.7192908441005,15.7185880471822,1.78522884803247,0.680247453117841,FALSE
164,"91",2015,59.4803,-49.4743,101.537,2.62,15.9505545539102,15.9498721132936,1.7752831966469,0.71354647786708,FALSE
165,"91",2015,59.4803,-49.4743,50.607,3.13,17.0190369150876,17.0186899586339,1.73072523197822,1.95796987642242,FALSE
166,"91",2015,59.4803,-49.4743,26.42,3.11,16.9968986336801,16.9962557104228,1.73161799117382,1.89993696225569,FALSE
167,"91",2015,59.4803,-49.4743,3.073,3.11,16.9968986336801,16.9962557104228,1.73161799117382,1.89993696225569,FALSE
168,"113",2015,60.57,-48.2295,124.238,2.93,16.696980879374,16.6747333083563,1.74331068414008,1.40823153237608,FALSE
169,"113",2015,60.57,-48.2295,100.449,3.16,17.0820128629494,17.0816671523335,1.7281671274054,2.05014537504249,FALSE
170,"113",2015,60.57,-48.2295,51.004,3.45,17.4960528082824,17.4943227134099,1.71149266546733,3.02240775222387,FALSE
171,"113",2015,60.57,-48.2295,20.393,3.79,17.8001532076424,17.7943373520921,1.69935856643292,4.37078160374743,FALSE
172,"113",2015,60.57,-48.2295,2.993,3.6,17.6522829742959,17.6415562771947,1.70504562095842,3.59085209864885,FALSE
173,"116",2015,60.4497,-48.362,145.249,2.81,16.198929474391,16.1983750068725,1.76472609345203,1.09259753971005,FALSE
174,"116",2015,60.4497,-48.362,101.761,3.3,17.3098120204786,17.3077530323281,1.71892745226181,2.49979040121133,FALSE
175,"116",2015,60.4497,-48.362,50.146,3.29,17.2185125722839,17.2143545915913,1.72254116862289,2.45692718806211,FALSE
176,"116",2015,60.4497,-48.362,20.779,3.3,17.3098120204786,17.3077530323281,1.71892745226181,2.49979040121133,FALSE
177,"116",2015,60.4497,-48.362,3.479,3.29,17.2185125722839,17.2143545915913,1.72254116862289,2.45692718806211,FALSE
178,"119",2015,60.3592,-48.4665,1035.865,2.3,14.5712152082454,14.5709347971246,1.83630354605518,0.215014401401003,FALSE
179,"119",2015,60.3592,-48.4665,900.139,2.29,14.5469005004429,14.5466788608582,1.83741816039553,0.204830321539765,FALSE
180,"119",2015,60.3592,-48.4665,751.436,2.49,15.3690488678137,15.3681406498218,1.80049856554048,0.475412228121735,FALSE
181,"119",2015,60.3592,-48.4665,598.995,2.48,15.3747395487533,15.3747233785002,1.8002733947722,0.462028257854512,FALSE
182,"119",2015,60.3592,-48.4665,468.991,2.49,15.3690488678137,15.3681406498218,1.80049856554048,0.475412228121735,FALSE
183,"119",2015,60.3592,-48.4665,350.434,2.65,15.8568315316764,15.8559565697313,1.77929537915809,0.758126536755452,FALSE
184,"119",2015,60.3592,-48.4665,250.263,2.74,16.2465951118196,16.2463234729586,1.76272151653352,0.955073234246534,FALSE
185,"119",2015,60.3592,-48.4665,152.281,2.95,16.7216977678597,16.7215047099694,1.74290889473222,1.45706893641658,FALSE
186,"119",2015,60.3592,-48.4665,100.276,3.09,17.017808959001,17.0140681685964,1.73068019487691,1.84775033259989,FALSE
187,"119",2015,60.3592,-48.4665,51.393,3.08,17.0002215295474,16.9976331792019,1.73142823307948,1.81864581053514,FALSE
188,"119",2015,60.3592,-48.4665,20.396,3.31,17.3240356160465,17.3223535712568,1.71836724098133,2.5332948395814,FALSE
189,"119",2015,60.3592,-48.4665,2.807,3.29,17.2185125722839,17.2143545915913,1.72254116862289,2.45692718806211,FALSE
190,"122",2015,60.2897,-48.5415,2772.9,1.65,16.9336824441864,14.0001722724241,1.64999999853737,2.13927227711012e-18,TRUE
191,"122",2015,60.2897,-48.5415,2680.655,1.36,21.3184055457278,14.0522247126887,1.35999999936395,4.04564815938421e-19,TRUE
192,"122",2015,60.2897,-48.5415,2550.04,1.33,21.7251765813468,13.9074396722289,1.32999999936743,4.00141991154878e-19,TRUE
193,"122",2015,60.2897,-48.5415,2390.879,1.4,20.7805849214546,14.2439632831626,1.39999999934676,4.2672788744695e-19,TRUE
194,"122",2015,60.2897,-48.5415,2269.158,1.32,21.8613345269232,13.8587787002775,1.31999999936784,3.99620218458497e-19,TRUE
195,"122",2015,60.2897,-48.5415,2128.973,1.32,21.8613345269232,13.8587787002775,1.31999999936784,3.99620218458497e-19,TRUE
196,"122",2015,60.2897,-48.5415,1971.378,1.25,22.8213664442148,13.509653656085,1.24999999085911,8.35557896253709e-17,TRUE
197,"122",2015,60.2897,-48.5415,1791.217,1.41,20.6470521869964,14.2919546796334,1.40999999933761,4.38755700482787e-19,TRUE
198,"122",2015,60.2897,-48.5415,1610.019,1.29,22.2713560978653,13.7111659844463,1.28999997545519,6.0244753258313e-16,TRUE
199,"122",2015,60.2897,-48.5415,1412.256,1.36,21.3184055457278,14.0522247126887,1.35999999936395,4.04564815938421e-19,TRUE
200,"122",2015,60.2897,-48.5415,1210.548,1.59,17.7575680396113,13.9026484984295,1.58999999865828,1.80021572111684e-18,TRUE
201,"122",2015,60.2897,-48.5415,1012.129,1.88,14.3630910983554,14.3627283893208,1.84587157885771,0.00116474912966518,FALSE
202,"122",2015,60.2897,-48.5415,830.22,2.16,15.3516018883523,15.3512116924405,1.80128086759134,0.128679415956024,FALSE
203,"122",2015,60.2897,-48.5415,659.134,2.38,15.1250988478869,15.1249977960039,1.8113153588995,0.323402221023604,FALSE
204,"122",2015,60.2897,-48.5415,510.729,2.51,15.4973322733262,15.4933253761496,1.7947864040735,0.511530487798118,FALSE
205,"122",2015,60.2897,-48.5415,388.26,2.5,15.4508609677255,15.4503611218367,1.79691870112116,0.494323312833155,FALSE
206,"122",2015,60.2897,-48.5415,250.026,2.62,15.9505545539102,15.9498721132936,1.7752831966469,0.71354647786708,FALSE
207,"122",2015,60.2897,-48.5415,99.912,2.64,15.9666779572422,15.9663464297029,1.77460370945649,0.748910739686465,FALSE
208,"122",2015,60.2897,-48.5415,49.487,2.78,16.3411291595454,16.3410243984181,1.75874820248498,1.04295523392766,FALSE
209,"122",2015,60.2897,-48.5415,29.445,2.96,16.7473322235157,16.7447747527916,1.74178599079863,1.48404537221447,FALSE
210,"122",2015,60.2897,-48.5415,19.496,3.13,17.0190369150876,17.0186899586339,1.73072523197822,1.95796987642242,FALSE
211,"122",2015,60.2897,-48.5415,2.488,3.08,17.0002215295474,16.9976331792019,1.73142823307948,1.81864581053514,FALSE
212,"125",2015,60.1802,-48.6703,2887.714,1.76,15.4499043416346,14.148723089815,1.760000001698,2.8832083982465e-18,TRUE
213,"125",2015,60.1802,-48.6703,2840.872,1.89,14.5464747480949,14.5462402140719,1.83743729730781,0.00276283771430807,FALSE
214,"125",2015,60.1802,-48.6703,2759.402,1.6,17.6195491775354,13.9197586940718,1.59999999863433,1.86506370486204e-18,TRUE
215,"125",2015,60.1802,-48.6703,2659.678,1.57,18.0343215293542,13.8670948827709,1.56999999870824,1.66864053904141e-18,TRUE
216,"125",2015,60.1802,-48.6703,2542.64,1.36,21.3184055457278,14.0522247126887,1.35999999936395,4.04564815938421e-19,TRUE
217,"125",2015,60.1802,-48.6703,2401.75,1.17,23.9311472145158,13.0855752210296,1.16999999855436,2.08986360440746e-18,TRUE
218,"125",2015,60.1802,-48.6703,2240.06,1.04,25.7541106587346,12.3150360795584,1.03999999937767,3.87292927539869e-19,TRUE
219,"125",2015,60.1802,-48.6703,2060.952,1.22,23.2361270577347,13.3542641478757,1.21999999564484,1.89674129139949e-17,TRUE
220,"125",2015,60.1802,-48.6703,1861.621,1.16,24.0706495596636,13.0302046350135,1.15999999878364,1.47951952667267e-18,TRUE
221,"125",2015,60.1802,-48.6703,1659.993,1.13,24.4900190229861,12.8604890482446,1.12999999916617,6.95275624819552e-19,TRUE
222,"125",2015,60.1802,-48.6703,1458.87,1.15,24.2103006781348,12.9742454585214,1.1499999989528,1.09662573342472e-18,TRUE
223,"125",2015,60.1802,-48.6703,1262.205,1.16,24.0706495596636,13.0302046350135,1.15999999878364,1.47951952667267e-18,TRUE
224,"125",2015,60.1802,-48.6703,1063.465,2.12,16.0010472331882,15.9957397784993,1.7729962408781,0.120411608844732,FALSE
225,"125",2015,60.1802,-48.6703,880.654,2.33,14.6507086584614,14.6505559419764,1.83267786957417,0.247329301411284,FALSE
226,"125",2015,60.1802,-48.6703,710.54,2.34,14.6738285111437,14.6734993796064,1.83162005530692,0.258450168166141,FALSE
227,"125",2015,60.1802,-48.6703,560.091,2.25,15.9257631819564,15.9255685756203,1.77635787954274,0.224336858271248,FALSE
228,"125",2015,60.1802,-48.6703,433.506,2.26,16.0024854454399,16.0023427833802,1.77307997954271,0.237091106322124,FALSE
229,"125",2015,60.1802,-48.6703,308.757,2.72,16.1910547555339,16.1892649562556,1.76502432815393,0.911978533817851,FALSE
230,"125",2015,60.1802,-48.6703,197.263,2.66,15.8835683828149,15.8828457360549,1.77815170605916,0.777656413526374,FALSE
231,"125",2015,60.1802,-48.6703,100.349,2.91,16.6380470874977,16.6371939789638,1.74634725858998,1.35408770259105,FALSE
232,"125",2015,60.1802,-48.6703,48.844,3.36,17.4194171871433,17.4123880670058,1.71440006540376,2.70799914474315,FALSE
233,"125",2015,60.1802,-48.6703,28.115,3.21,17.1220538004157,17.115778553953,1.72637859304035,2.20113247918893,FALSE
234,"125",2015,60.1802,-48.6703,19.415,3.09,17.017808959001,17.0140681685964,1.73068019487691,1.84775033259989,FALSE
235,"125",2015,60.1802,-48.6703,1.929,3.23,17.1468195709517,17.1462546159392,1.72553622356089,2.26341125461744,FALSE
236," L3/23",2015,59.9783,-48.8997,3055.798,2,14.4987846189695,14.4970966308443,1.83958326137335,0.0257335300316119,FALSE
237," L3/23",2015,59.9783,-48.8997,2936.933,1.82,14.6752582980026,14.265793887755,1.8200000003884,1.50851783832092e-19,TRUE
238," L3/23",2015,59.9783,-48.8997,2861.915,1.81,14.7987293835706,14.2341499694547,1.80999997511204,6.19410438214685e-16,TRUE
239," L3/23",2015,59.9783,-48.8997,2762.46,1.41,20.6470521869964,14.2919546796334,1.40999999933761,4.38755700482787e-19,TRUE
240," L3/23",2015,59.9783,-48.8997,2638.607,1.07,25.3319554321896,12.503311291981,1.06999999935916,4.10674543779273e-19,TRUE
241," L3/23",2015,59.9783,-48.8997,2502.221,1.14,24.3500930249177,12.9176794972149,1.13999999907651,8.52840251727818e-19,TRUE
242," L3/23",2015,59.9783,-48.8997,2341.478,1.29,22.2713560978653,13.7111659844463,1.28999997545519,6.0244753258313e-16,TRUE
243," L3/23",2015,59.9783,-48.8997,2159.897,1.09,25.0509073663273,12.6251475256099,1.08999999933178,4.46513712134602e-19,TRUE
244," L3/23",2015,59.9783,-48.8997,1982.089,0.99,26.4587456198495,11.9857437538557,0.990000026228763,6.87948034447864e-16,TRUE
245," L3/23",2015,59.9783,-48.8997,1779.093,1.12,24.6300710723532,12.8026569370642,1.11999999923058,5.92002480768074e-19,TRUE
246," L3/23",2015,59.9783,-48.8997,1579.047,1.3,22.134433485531,13.760667979022,1.29999996867401,9.81317706642429e-16,TRUE
247," L3/23",2015,59.9783,-48.8997,1381.691,1.48,19.2950740755951,13.693239882399,1.47999999901993,9.60533337027591e-19,TRUE
248," L3/23",2015,59.9783,-48.8997,1180.105,2.03,14.9697309867773,14.9639590184109,1.8180977103676,0.044902580351452,FALSE
249," L3/23",2015,59.9783,-48.8997,982.162,2.16,15.3516018883523,15.3512116924405,1.80128086759134,0.128679415956024,FALSE
250," L3/23",2015,59.9783,-48.8997,802.044,2.28,14.5271581334566,14.5178370386271,1.83806656381882,0.195305162014908,FALSE
251," L3/23",2015,59.9783,-48.8997,640.694,2.33,14.6507086584614,14.6505559419764,1.83267786957417,0.247329301411284,FALSE
252," L3/23",2015,59.9783,-48.8997,502.057,2.46,15.288298835597,15.2873956734972,1.80405746000812,0.430260615771005,FALSE
253," L3/23",2015,59.9783,-48.8997,379.451,2.55,15.6727639311165,15.6719313108901,1.78723959411675,0.58180343678318,FALSE
254," L3/23",2015,59.9783,-48.8997,260.811,2.38,15.1250988478869,15.1249977960039,1.8113153588995,0.323402221023604,FALSE
255," L3/23",2015,59.9783,-48.8997,171.807,2.49,15.3690488678137,15.3681406498218,1.80049856554048,0.475412228121735,FALSE
256," L3/23",2015,59.9783,-48.8997,99.976,2.94,16.702793932557,16.702275540994,1.74367980015778,1.43118202055053,FALSE
257," L3/23",2015,59.9783,-48.8997,49.509,3.25,17.1621116399782,17.1606337341092,1.72489247592316,2.32595295999579,FALSE
258," L3/23",2015,59.9783,-48.8997,26.132,3.05,16.9571598540588,16.9569696013147,1.73325037205667,1.73382958268891,FALSE
259," L3/23",2015,59.9783,-48.8997,2.06,3.09,17.017808959001,17.0140681685964,1.73068019487691,1.84775033259989,FALSE
260,"134",2015,59.7495,-49.1673,3261.518,1.82,14.6752582980026,14.265793887755,1.8200000003884,1.50851783832092e-19,TRUE
261,"134",2015,59.7495,-49.1673,3201.524,1.74,15.7049020225869,14.0940011935706,1.73999999918145,6.70017750197162e-19,TRUE
262,"134",2015,59.7495,-49.1673,3120.941,1.56,18.1728439439912,13.8481684143958,1.55999999872818,1.61753284592445e-18,TRUE
263,"134",2015,59.7495,-49.1673,3020.504,1.52,18.731725013882,13.7735218386914,1.51999999887739,1.26026419110784e-18,TRUE
264,"134",2015,59.7495,-49.1673,2898.298,1.46,19.9855858787045,14.5340917376522,1.45999999920279,6.35538240342026e-19,TRUE
265,"134",2015,59.7495,-49.1673,2770.983,1.17,23.9311472145158,13.0855752210296,1.16999999855436,2.08986360440746e-18,TRUE
266,"134",2015,59.7495,-49.1673,2617.96,1.08,25.1913874314081,12.5645887030742,1.07999999934784,4.25318882839634e-19,TRUE
267,"134",2015,59.7495,-49.1673,2459.201,1.15,24.2103006781348,12.9742454585214,1.1499999989528,1.09662573342472e-18,TRUE
268,"134",2015,59.7495,-49.1673,2261.82,1.08,25.1913874314081,12.5645887030742,1.07999999934784,4.25318882839634e-19,TRUE
269,"134",2015,59.7495,-49.1673,2060.148,1.12,24.6300710723532,12.8026569370642,1.11999999923058,5.92002480768074e-19,TRUE
270,"134",2015,59.7495,-49.1673,1845.635,1.15,24.2103006781348,12.9742454585214,1.1499999989528,1.09662573342472e-18,TRUE
271,"134",2015,59.7495,-49.1673,1640.767,1.19,23.6526187874019,13.1946255822537,1.18999999783538,4.6856010605222e-18,TRUE
272,"134",2015,59.7495,-49.1673,1430.403,2.11,16.1354065942046,16.1345042657122,1.76740542538877,0.117371042553052,FALSE
273,"134",2015,59.7495,-49.1673,1228.023,2.28,14.5271581334566,14.5178370386271,1.83806656381882,0.195305162014908,FALSE
274,"134",2015,59.7495,-49.1673,1030.419,2.33,14.6507086584614,14.6505559419764,1.83267786957417,0.247329301411284,FALSE
275,"134",2015,59.7495,-49.1673,840.45,2.15,16.3774324356217,16.3765153119239,1.75720246878686,0.154289900527139,FALSE
276,"134",2015,59.7495,-49.1673,660.845,2.16,15.3516018883523,15.3512116924405,1.80128086759134,0.128679415956024,FALSE
277,"134",2015,59.7495,-49.1673,482.785,2.47,15.33790665293,15.337328236617,1.80187866532764,0.446386117844371,FALSE
278,"134",2015,59.7495,-49.1673,319.34,2.35,14.9231732281032,14.922245205382,1.82032467401446,0.280555950957887,FALSE
279,"134",2015,59.7495,-49.1673,211.309,2.46,15.288298835597,15.2873956734972,1.80405746000812,0.430260615771005,FALSE
280,"134",2015,59.7495,-49.1673,99.345,2.75,16.0533000926003,16.0526848007785,1.77090130718863,0.958634250264939,FALSE
281,"134",2015,59.7495,-49.1673,51.836,3.12,17.0143064032555,17.0126530563754,1.73088112478977,1.92965124946534,FALSE
282,"134",2015,59.7495,-49.1673,26.071,3.16,17.0820128629494,17.0816671523335,1.7281671274054,2.05014537504249,FALSE
283,"134",2015,59.7495,-49.1673,3.055,3.13,17.0190369150876,17.0186899586339,1.73072523197822,1.95796987642242,FALSE
284,"140",2015,58.2165,-50.8797,3601.099,2.06,15.3740242402072,15.3712142078681,1.80022624209241,0.0674824052974295,FALSE
285,"140",2015,58.2165,-50.8797,3519.027,1.92,15.0937587120701,15.0934290991729,1.81270498110332,0.0115122210800396,FALSE
286,"140",2015,58.2165,-50.8797,3321.276,1.54,18.4519071832094,13.8119621056868,1.53999999880682,1.4236869886723e-18,TRUE
287,"140",2015,58.2165,-50.8797,3073.577,1.21,23.3747745482404,13.3015500009338,1.20999999657746,1.17137863308776e-17,TRUE
288,"140",2015,58.2165,-50.8797,2799.098,1.19,23.6526187874019,13.1946255822537,1.18999999783538,4.6856010605222e-18,TRUE
289,"140",2015,58.2165,-50.8797,2530.448,1.03,25.8949539545919,12.2507561549467,1.02999999938126,3.82841871218841e-19,TRUE
290,"140",2015,58.2165,-50.8797,2249.389,1.17,23.9311472145158,13.0855752210296,1.16999999855436,2.08986360440746e-18,TRUE
291,"140",2015,58.2165,-50.8797,1900.572,1.26,22.6835290891836,13.5605992485125,1.25999998828204,1.37310579851054e-16,TRUE
292,"140",2015,58.2165,-50.8797,1670.046,2.3,14.5712152082454,14.5709347971246,1.83630354605518,0.215014401401003,FALSE
293,"140",2015,58.2165,-50.8797,1463.021,2.56,15.7208176695565,15.7203700328791,1.78516999366062,0.600361538723881,FALSE
294,"140",2015,58.2165,-50.8797,1225.79,2.43,15.1683059871263,15.1677510390804,1.80938141694385,0.385167425634628,FALSE
295,"140",2015,58.2165,-50.8797,1031.027,2.41,15.0757407681211,15.075341881079,1.81350661657234,0.355804356472979,FALSE
296,"140",2015,58.2165,-50.8797,826.771,2.49,15.3690488678137,15.3681406498218,1.80049856554048,0.475412228121735,FALSE
297,"140",2015,58.2165,-50.8797,629.922,2.4,14.9480737786663,14.9473205041156,1.8192108841567,0.337315997082045,FALSE
298,"140",2015,58.2165,-50.8797,251.023,2.49,15.3690488678137,15.3681406498218,1.80049856554048,0.475412228121735,FALSE
299,"140",2015,58.2165,-50.8797,100.273,2.63,15.7766256201397,15.7764912036083,1.78276868324401,0.717800904092082,FALSE
300,"140",2015,58.2165,-50.8797,51.824,3.08,17.0002215295474,16.9976331792019,1.73142823307948,1.81864581053514,FALSE
301,"140",2015,58.2165,-50.8797,30.486,3.18,17.1202857125071,17.1200689249283,1.72661967882776,2.11231435797073,FALSE
302,"140",2015,58.2165,-50.8797,7.604,3.07,16.9864214350356,16.9746694833492,1.73173373702726,1.79095659061103,FALSE
303,"145",2015,57.5897,-51.565,3591.517,1.91,14.9173401523395,14.9172562134029,1.82061069956024,0.00799044703310887,FALSE
304,"145",2015,57.5897,-51.565,2901.857,0.98,26.5997595159019,11.9174709418022,0.980000017839983,3.18264979250253e-16,TRUE
305,"145",2015,57.5897,-51.565,2560.673,1.01,26.1767809527002,12.1198482848101,1.01000005384772,2.89957688399309e-15,TRUE
306,"145",2015,57.5897,-51.565,2102.53,0.96,26.8818109360012,11.778445293431,0.960000007712304,5.94796383978934e-17,TRUE
307,"145",2015,57.5897,-51.565,1809.137,2.11,16.1354065942046,16.1345042657122,1.76740542538877,0.117371042553052,FALSE
308,"145",2015,57.5897,-51.565,1672.085,2.19,15.3921243190232,15.3921031709691,1.79950912261223,0.152483125323068,FALSE
309,"145",2015,57.5897,-51.565,1531.366,2.22,15.6639951195665,15.6631130611878,1.78761835722798,0.186953885006235,FALSE
310,"145",2015,57.5897,-51.565,1390.34,2.24,15.8383796507286,15.8377144460565,1.78009436741785,0.211513190880787,FALSE
311,"145",2015,57.5897,-51.565,1248.625,2.38,15.1250988478869,15.1249977960039,1.8113153588995,0.323402221023604,FALSE
312,"145",2015,57.5897,-51.565,991.317,2.29,14.5469005004429,14.5466788608582,1.83741816039553,0.204830321539765,FALSE
313,"145",2015,57.5897,-51.565,861.184,2.31,14.5966440583066,14.5960471334454,1.83513211733834,0.225499505983569,FALSE
314,"145",2015,57.5897,-51.565,730.654,2.58,15.8074129416177,15.8072744500782,1.78144174915734,0.637695279988885,FALSE
315,"145",2015,57.5897,-51.565,599.694,2.41,15.0757407681211,15.075341881079,1.81350661657234,0.355804356472979,FALSE
316,"145",2015,57.5897,-51.565,450.023,2.43,15.1683059871263,15.1677510390804,1.80938141694385,0.385167425634628,FALSE
317,"145",2015,57.5897,-51.565,299.919,2.38,15.1250988478869,15.1249977960039,1.8113153588995,0.323402221023604,FALSE
318,"145",2015,57.5897,-51.565,151.603,2.55,15.6727639311165,15.6719313108901,1.78723959411675,0.58180343678318,FALSE
319,"145",2015,57.5897,-51.565,2.5,2.84,16.4802084864856,16.4799663033705,1.75292397996895,1.18173427332656,FALSE
320,"152",2015,56.96,-52.2273,3560.56,2.07,15.6421612287219,15.6416963215316,1.78857734673718,0.0791987097694837,FALSE
321,"152",2015,56.96,-52.2273,3491.088,1.93,15.2399671433298,15.2395000733918,1.80620647079108,0.0153248378739989,FALSE
322,"152",2015,56.96,-52.2273,3399.631,1.9,14.7322096776902,14.73165141413,1.82896037599382,0.00504662817893944,FALSE
323,"152",2015,56.96,-52.2273,3290.362,1.6,17.6195491775354,13.9197586940718,1.59999999863433,1.86506370486204e-18,TRUE
324,"152",2015,56.96,-52.2273,3169.677,1.37,21.1834305177777,14.1002131379395,1.36999999936154,4.07627423841025e-19,TRUE
325,"152",2015,56.96,-52.2273,3028.541,1.02,26.0358468840168,12.185696839304,1.01999999938428,3.79108011487975e-19,TRUE
326,"152",2015,56.96,-52.2273,2870.313,1.04,25.7541106587346,12.3150360795584,1.03999999937767,3.87292927539869e-19,TRUE
327,"152",2015,56.96,-52.2273,2679.992,1.22,23.2361270577347,13.3542641478757,1.21999999564484,1.89674129139949e-17,TRUE
328,"152",2015,56.96,-52.2273,2468.582,0.91,27.5867022026781,11.4161142518601,0.910000000219917,4.83636705681849e-20,TRUE
329,"152",2015,56.96,-52.2273,2249.684,1.08,25.1913874314081,12.5645887030742,1.07999999934784,4.25318882839634e-19,TRUE
330,"152",2015,56.96,-52.2273,2010.8,1.08,25.1913874314081,12.5645887030742,1.07999999934784,4.25318882839634e-19,TRUE
331,"152",2015,56.96,-52.2273,1770.93,1.19,23.6526187874019,13.1946255822537,1.18999999783538,4.6856010605222e-18,TRUE
332,"152",2015,56.96,-52.2273,1532.501,2.12,16.0010472331882,15.9957397784993,1.7729962408781,0.120411608844732,FALSE
333,"152",2015,56.96,-52.2273,1290.161,2.58,15.8074129416177,15.8072744500782,1.78144174915734,0.637695279988885,FALSE
334,"152",2015,56.96,-52.2273,867.855,2.41,15.0757407681211,15.075341881079,1.81350661657234,0.355804356472979,FALSE
335,"152",2015,56.96,-52.2273,679.51,2.52,15.5404849120793,15.5397571944395,1.79299431869512,0.52853726064958,FALSE
336,"152",2015,56.96,-52.2273,507.996,2.73,16.2194514512566,16.2191731126224,1.76386682009541,0.933413321312548,FALSE
337,"152",2015,56.96,-52.2273,359.169,2.67,15.9123400641371,15.911714574053,1.77692075373223,0.797590540114205,FALSE
338,"152",2015,56.96,-52.2273,218.449,2.75,16.0533000926003,16.0526848007785,1.77090130718863,0.958634250264939,FALSE
339,"152",2015,56.96,-52.2273,99.103,2.91,16.6380470874977,16.6371939789638,1.74634725858998,1.35408770259105,FALSE
340,"152",2015,56.96,-52.2273,47.151,3.05,16.9571598540588,16.9569696013147,1.73325037205667,1.73382958268891,FALSE
341,"152",2015,56.96,-52.2273,23.273,3.09,17.017808959001,17.0140681685964,1.73068019487691,1.84775033259989,FALSE
342,"152",2015,56.96,-52.2273,2.708,2.98,16.788188433474,16.7876944506813,1.74016232621105,1.53719745734641,FALSE
343,"155",2015,56.333,-52.895,2000.655,1.31,21.9977570715801,13.8098638252025,1.30999996007067,1.59435143487061e-15,TRUE
344,"155",2015,56.333,-52.895,1800.056,1.27,22.5459106160478,13.6111528619004,1.26999998498968,2.25309702778071e-16,TRUE
345,"155",2015,56.333,-52.895,1648.581,2.22,15.6639951195665,15.6631130611878,1.78761835722798,0.186953885006235,FALSE
346,"155",2015,56.333,-52.895,1501.771,2.39,15.082996429746,15.0826623063185,1.81318475769889,0.33271582375089,FALSE
347,"155",2015,56.333,-52.895,1348.346,2.65,15.8568315316764,15.8559565697313,1.77929537915809,0.758126536755452,FALSE
348,"155",2015,56.333,-52.895,1200.558,2.48,15.3747395487533,15.3747233785002,1.8002733947722,0.462028257854512,FALSE
349,"155",2015,56.333,-52.895,1051.235,2.57,15.7646630327083,15.7637590774514,1.78326312221812,0.618954914861976,FALSE
350,"155",2015,56.333,-52.895,902.211,2.61,15.7192908441005,15.7185880471822,1.78522884803247,0.680247453117841,FALSE
351,"155",2015,56.333,-52.895,750.09,2.61,15.7192908441005,15.7185880471822,1.78522884803247,0.680247453117841,FALSE
352,"155",2015,56.333,-52.895,603.091,2.45,15.1903854619496,15.1855856354117,1.80828176706548,0.411802290480598,FALSE
353,"155",2015,56.333,-52.895,451.01,2.6,15.8970304559238,15.8920085978738,1.77745344354634,0.676582837533774,FALSE
354,"155",2015,56.333,-52.895,298.8,2.73,16.2194514512566,16.2191731126224,1.76386682009541,0.933413321312548,FALSE
355,"159",2015,55.8502,-53.3923,3158.299,2.12,16.0010472331882,15.9957397784993,1.7729962408781,0.120411608844732,FALSE
356,"159",2015,55.8502,-53.3923,3101.472,2.08,15.5520061176601,15.5519179397609,1.79250987889226,0.0826505697345433,FALSE
357,"159",2015,55.8502,-53.3923,3019.473,1.89,14.5464747480949,14.5462402140719,1.83743729730781,0.00276283771430807,FALSE
358,"159",2015,55.8502,-53.3923,2919.407,1.54,18.4519071832094,13.8119621056868,1.53999999880682,1.4236869886723e-18,TRUE
359,"159",2015,55.8502,-53.3923,2808.586,1.41,20.6470521869964,14.2919546796334,1.40999999933761,4.38755700482787e-19,TRUE
360,"159",2015,55.8502,-53.3923,2686.008,1.21,23.3747745482404,13.3015500009338,1.20999999657746,1.17137863308776e-17,TRUE
361,"159",2015,55.8502,-53.3923,2560.217,1.25,22.8213664442148,13.509653656085,1.24999999085911,8.35557896253709e-17,TRUE
362,"159",2015,55.8502,-53.3923,2411.91,1.31,21.9977570715801,13.8098638252025,1.30999996007067,1.59435143487061e-15,TRUE
363,"159",2015,55.8502,-53.3923,2232.319,1.21,23.3747745482404,13.3015500009338,1.20999999657746,1.17137863308776e-17,TRUE
364,"159",2015,55.8502,-53.3923,2010.837,1.38,21.0487904988954,14.1481357586992,1.37999999935814,4.11987834953523e-19,TRUE
365,"159",2015,55.8502,-53.3923,1789.631,1.45,20.1170183562125,14.4852712210188,1.44999999924982,5.62765578748295e-19,TRUE
366,"159",2015,55.8502,-53.3923,1552.009,1.78,15.18416731418,14.1724459312582,1.77999995638149,1.90257417476562e-15,TRUE
367,"159",2015,55.8502,-53.3923,1311.118,2.59,15.8759395374109,15.8755391687094,1.77848816004801,0.658551466382266,FALSE
368,"159",2015,55.8502,-53.3923,1090.274,2.6,15.8970304559238,15.8920085978738,1.77745344354634,0.676582837533774,FALSE
369,"159",2015,55.8502,-53.3923,891.064,2.59,15.8759395374109,15.8755391687094,1.77848816004801,0.658551466382266,FALSE
370,"159",2015,55.8502,-53.3923,710.732,2.59,15.8759395374109,15.8755391687094,1.77848816004801,0.658551466382266,FALSE
371,"159",2015,55.8502,-53.3923,550.136,2.5,15.4508609677255,15.4503611218367,1.79691870112116,0.494323312833155,FALSE
372,"159",2015,55.8502,-53.3923,399.433,2.62,15.9505545539102,15.9498721132936,1.7752831966469,0.71354647786708,FALSE
373,"159",2015,55.8502,-53.3923,290.107,2.72,16.1910547555339,16.1892649562556,1.76502432815393,0.911978533817851,FALSE
374,"159",2015,55.8502,-53.3923,179.341,2.68,15.9437540348448,15.9434340301757,1.77558429145733,0.81796777385874,FALSE
375,"159",2015,55.8502,-53.3923,99.408,2.92,16.6727508144328,16.6561365101774,1.7444696515863,1.38187160004164,FALSE
376,"159",2015,55.8502,-53.3923,50.911,2.95,16.7216977678597,16.7215047099694,1.74290889473222,1.45706893641658,FALSE
377,"159",2015,55.8502,-53.3923,24.214,3.16,17.0820128629494,17.0816671523335,1.7281671274054,2.05014537504249,FALSE
378,"159",2015,55.8502,-53.3923,2.063,3.31,17.3240356160465,17.3223535712568,1.71836724098133,2.5332948395814,FALSE
379,"163",2015,55.4212,-53.8265,2720.362,1.38,21.0487904988954,14.1481357586992,1.37999999935814,4.11987834953523e-19,TRUE
380,"163",2015,55.4212,-53.8265,2589.915,1.39,20.9145029472911,14.1960376427737,1.38999999935337,4.18128741030954e-19,TRUE
381,"163",2015,55.4212,-53.8265,2508.938,1.49,19.1536857727488,13.7135454075635,1.4899999989839,1.03246255757771e-18,TRUE
382,"163",2015,55.4212,-53.8265,2410.689,1.24,22.9594162595287,13.4582959636189,1.23999999287029,5.08326940796001e-17,TRUE
383,"163",2015,55.4212,-53.8265,2290.33,1.22,23.2361270577347,13.3542641478757,1.21999999564484,1.89674129139949e-17,TRUE
384,"163",2015,55.4212,-53.8265,2149.863,1.14,24.3500930249177,12.9176794972149,1.13999999907651,8.52840251727818e-19,TRUE
385,"163",2015,55.4212,-53.8265,1989.916,1.15,24.2103006781348,12.9742454585214,1.1499999989528,1.09662573342472e-18,TRUE
386,"163",2015,55.4212,-53.8265,1810.253,1.36,21.3184055457278,14.0522247126887,1.35999999936395,4.04564815938421e-19,TRUE
387,"163",2015,55.4212,-53.8265,1611.034,1.31,21.9977570715801,13.8098638252025,1.30999996007067,1.59435143487061e-15,TRUE
388,"163",2015,55.4212,-53.8265,1410.743,1.89,14.5464747480949,14.5462402140719,1.83743729730781,0.00276283771430807,FALSE
389,"163",2015,55.4212,-53.8265,1210.015,2.31,14.5966440583066,14.5960471334454,1.83513211733834,0.225499505983569,FALSE
390,"163",2015,55.4212,-53.8265,1030.267,2.3,14.5712152082454,14.5709347971246,1.83630354605518,0.215014401401003,FALSE
391,"163",2015,55.4212,-53.8265,850.8,2.34,14.6738285111437,14.6734993796064,1.83162005530692,0.258450168166141,FALSE
392,"163",2015,55.4212,-53.8265,670.426,2.5,15.4508609677255,15.4503611218367,1.79691870112116,0.494323312833155,FALSE
393,"163",2015,55.4212,-53.8265,509.389,2.6,15.8970304559238,15.8920085978738,1.77745344354634,0.676582837533774,FALSE
394,"163",2015,55.4212,-53.8265,370.844,2.62,15.9505545539102,15.9498721132936,1.7752831966469,0.71354647786708,FALSE
395,"163",2015,55.4212,-53.8265,250.942,2.49,15.3690488678137,15.3681406498218,1.80049856554048,0.475412228121735,FALSE
396,"163",2015,55.4212,-53.8265,149.683,2.62,15.9505545539102,15.9498721132936,1.7752831966469,0.71354647786708,FALSE
397,"163",2015,55.4212,-53.8265,100.543,2.68,15.9437540348448,15.9434340301757,1.77558429145733,0.81796777385874,FALSE
398,"163",2015,55.4212,-53.8265,50.05,2.81,16.198929474391,16.1983750068725,1.76472609345203,1.09259753971005,FALSE
399,"163",2015,55.4212,-53.8265,19.128,3.07,16.9864214350356,16.9746694833492,1.73173373702726,1.79095659061103,FALSE
400,"163",2015,55.4212,-53.8265,1.527,2.96,16.7473322235157,16.7447747527916,1.74178599079863,1.48404537221447,FALSE
401,"177",2015,55.111,-54.1367,914.006,1.92,15.0937587120701,15.0934290991729,1.81270498110332,0.0115122210800396,FALSE
402,"177",2015,55.111,-54.1367,741.669,2.33,14.6507086584614,14.6505559419764,1.83267786957417,0.247329301411284,FALSE
403,"177",2015,55.111,-54.1367,679.501,2.41,15.0757407681211,15.075341881079,1.81350661657234,0.355804356472979,FALSE
404,"177",2015,55.111,-54.1367,597.815,2.57,15.7646630327083,15.7637590774514,1.78326312221812,0.618954914861976,FALSE
405,"177",2015,55.111,-54.1367,470.446,2.43,15.1683059871263,15.1677510390804,1.80938141694385,0.385167425634628,FALSE
406,"177",2015,55.111,-54.1367,364.645,2.64,15.9666779572422,15.9663464297029,1.77460370945649,0.748910739686465,FALSE
407,"177",2015,55.111,-54.1367,262.865,2.53,15.8663294421572,15.8660114710884,1.77890306951904,0.564146598977924,FALSE
408,"177",2015,55.111,-54.1367,170.512,2.62,15.9505545539102,15.9498721132936,1.7752831966469,0.71354647786708,FALSE
409,"177",2015,55.111,-54.1367,104.835,2.96,16.7473322235157,16.7447747527916,1.74178599079863,1.48404537221447,FALSE
410,"177",2015,55.111,-54.1367,50.328,3.35,17.350030958365,17.3492855402093,1.7173512643209,2.66554189411458,FALSE
411,"177",2015,55.111,-54.1367,31.631,3.34,17.3909998233802,17.390542221528,1.71571937202686,2.63828755840883,FALSE
412,"177",2015,55.111,-54.1367,10.901,3.3,17.3098120204786,17.3077530323281,1.71892745226181,2.49979040121133,FALSE
413,"177",2015,55.111,-54.1367,2.661,3.54,17.6040359106179,17.5998426444049,1.70713669001305,3.35938791309632,FALSE
414,"180",2015,55.2608,-53.997,2062.502,1.12,24.6300710723532,12.8026569370642,1.11999999923058,5.92002480768074e-19,TRUE
415,"180",2015,55.2608,-53.997,1969.348,1.2,23.5136075026585,13.2483437527812,1.19999999729176,7.33456311003603e-18,TRUE
416,"180",2015,55.2608,-53.997,1901.029,1.17,23.9311472145158,13.0855752210296,1.16999999855436,2.08986360440746e-18,TRUE
417,"180",2015,55.2608,-53.997,1811.2,1.1,24.9105228674122,12.6850018869059,1.09999999930894,4.77566207344569e-19,TRUE
418,"180",2015,55.2608,-53.997,1691.707,1.18,23.7918011446606,13.1403758603354,1.17999999824621,3.07577703499259e-18,TRUE
419,"180",2015,55.2608,-53.997,1550.463,1.32,21.8613345269232,13.8587787002775,1.31999999936784,3.99620218458497e-19,TRUE
420,"180",2015,55.2608,-53.997,1389.821,1.46,19.9855858787045,14.5340917376522,1.45999999920279,6.35538240342026e-19,TRUE
421,"180",2015,55.2608,-53.997,1210.564,2,14.4987846189695,14.4970966308443,1.83958326137335,0.0257335300316119,FALSE
422,"180",2015,55.2608,-53.997,1030.828,2.14,16.223027850664,16.2221365857368,1.76369860063237,0.141602743166036,FALSE
423,"180",2015,55.2608,-53.997,850.734,2.34,14.6738285111437,14.6734993796064,1.83162005530692,0.258450168166141,FALSE
424,"180",2015,55.2608,-53.997,669.935,2.29,14.5469005004429,14.5466788608582,1.83741816039553,0.204830321539765,FALSE
425,"180",2015,55.2608,-53.997,509.801,2.41,15.0757407681211,15.075341881079,1.81350661657234,0.355804356472979,FALSE
426,"180",2015,55.2608,-53.997,369.585,2.46,15.288298835597,15.2873956734972,1.80405746000812,0.430260615771005,FALSE
427,"180",2015,55.2608,-53.997,251.232,2.58,15.8074129416177,15.8072744500782,1.78144174915734,0.637695279988885,FALSE
428,"180",2015,55.2608,-53.997,160.624,2.7,16.0168690864373,16.0164317653518,1.77245823148123,0.860333732346924,FALSE
429,"180",2015,55.2608,-53.997,50.376,2.84,16.4802084864856,16.4799663033705,1.75292397996895,1.18173427332656,FALSE
430,"180",2015,55.2608,-53.997,21.138,2.85,16.5030058837476,16.5021412803978,1.75195609047748,1.20570042723951,FALSE
431,"180",2015,55.2608,-53.997,3.085,2.93,16.696980879374,16.6747333083563,1.74331068414008,1.40823153237608,FALSE
432,"184",2015,55.6082,-53.6223,2933.695,1.88,14.3630910983554,14.3627283893208,1.84587157885771,0.00116474912966518,FALSE
433,"184",2015,55.6082,-53.6223,2877.331,1.84,14.4178544721008,14.2988547496751,1.83999998704584,1.67810220179404e-16,TRUE
434,"184",2015,55.6082,-53.6223,2799.271,1.52,18.731725013882,13.7735218386914,1.51999999887739,1.26026419110784e-18,TRUE
435,"184",2015,55.6082,-53.6223,2690.14,1.49,19.1536857727488,13.7135454075635,1.4899999989839,1.03246255757771e-18,TRUE
436,"184",2015,55.6082,-53.6223,2560.493,1.32,21.8613345269232,13.8587787002775,1.31999999936784,3.99620218458497e-19,TRUE
437,"184",2015,55.6082,-53.6223,2421.098,1.26,22.6835290891836,13.5605992485125,1.25999998828204,1.37310579851054e-16,TRUE
438,"184",2015,55.6082,-53.6223,2265.75,1.18,23.7918011446606,13.1403758603354,1.17999999824621,3.07577703499259e-18,TRUE
439,"184",2015,55.6082,-53.6223,2105.732,1.16,24.0706495596636,13.0302046350135,1.15999999878364,1.47951952667267e-18,TRUE
440,"184",2015,55.6082,-53.6223,1938.383,1.16,24.0706495596636,13.0302046350135,1.15999999878364,1.47951952667267e-18,TRUE
441,"184",2015,55.6082,-53.6223,1761.236,1.28,22.4085174359945,13.6613348344197,1.27999998079347,3.68890834293456e-16,TRUE
442,"184",2015,55.6082,-53.6223,1566.611,1.85,14.3050026565908,14.3048582194751,1.84856670567395,2.05433262508138e-06,FALSE
443,"184",2015,55.6082,-53.6223,1379.295,2.34,14.6738285111437,14.6734993796064,1.83162005530692,0.258450168166141,FALSE
444,"184",2015,55.6082,-53.6223,1178.756,2.42,15.2722696186563,15.2497610565984,1.80415745807391,0.37926203644599,FALSE
445,"184",2015,55.6082,-53.6223,991.234,2.38,15.1250988478869,15.1249977960039,1.8113153588995,0.323402221023604,FALSE
446,"184",2015,55.6082,-53.6223,809.626,2.52,15.5404849120793,15.5397571944395,1.79299431869512,0.52853726064958,FALSE
447,"184",2015,55.6082,-53.6223,638.883,2.5,15.4508609677255,15.4503611218367,1.79691870112116,0.494323312833155,FALSE
448,"184",2015,55.6082,-53.6223,489.688,2.42,15.2722696186563,15.2497610565984,1.80415745807391,0.37926203644599,FALSE
449,"184",2015,55.6082,-53.6223,350.378,2.4,14.9480737786663,14.9473205041156,1.8192108841567,0.337315997082045,FALSE
450,"184",2015,55.6082,-53.6223,218.391,2.44,15.0778944515342,15.0736712682867,1.81330287590898,0.392749285343958,FALSE
451,"184",2015,55.6082,-53.6223,99.871,2.84,16.4802084864856,16.4799663033705,1.75292397996895,1.18173427332656,FALSE
452,"184",2015,55.6082,-53.6223,49.178,2.98,16.788188433474,16.7876944506813,1.74016232621105,1.53719745734641,FALSE
453,"184",2015,55.6082,-53.6223,30.144,2.94,16.702793932557,16.702275540994,1.74367980015778,1.43118202055053,FALSE
454,"184",2015,55.6082,-53.6223,19.491,2.8,16.3103490773367,16.3099679861444,1.76003372753612,1.08152984786242,FALSE
455,"184",2015,55.6082,-53.6223,2.507,2.84,16.4802084864856,16.4799663033705,1.75292397996895,1.18173427332656,FALSE
456,"42",2016,55.4145,-53.8185,2700.303,1.675,17.6622955418947,14.0023083802038,1.67499999812027,3.53339378191737e-18,TRUE
457,"42",2016,55.4145,-53.8185,2599.323,1.531,19.9808768142861,14.53698903763,1.53099999896363,1.07406666786247e-18,TRUE
458,"42",2016,55.4145,-53.8185,2511.301,1.305,22.9381000766178,13.4478434615793,1.30499999042226,9.17331022526365e-17,TRUE
459,"42",2016,55.4145,-53.8185,2411.877,1.272,23.3813554552228,13.2772645492867,1.27199999595046,1.63987349444586e-17,TRUE
460,"42",2016,55.4145,-53.8185,2290.107,1.259,23.5565448057111,13.2086956333996,1.25899999706358,8.6225415286776e-18,TRUE
461,"42",2016,55.4145,-53.8185,2151.807,1.228,23.9754993414836,13.0417878526725,1.22799999849807,2.25578679597929e-18,TRUE
462,"42",2016,55.4145,-53.8185,1991.211,1.186,24.5455536135721,12.8074196158449,1.18599999915097,7.20855639103584e-19,TRUE
463,"42",2016,55.4145,-53.8185,1810.393,1.055,26.3378759324782,12.0066990698588,1.05500004359693,1.90069188524447e-15,TRUE
464,"42",2016,55.4145,-53.8185,1609.661,0.938,27.950421662906,11.1896726378869,0.937999999632717,1.34896707170947e-19,TRUE
465,"42",2016,55.4145,-53.8185,1410.895,1.216,24.1380994053315,12.9758256992257,1.2159999987788,1.49132951324335e-18,TRUE
466,"42",2016,55.4145,-53.8185,1210.38,1.686,17.5159910679972,14.0205430462733,1.68599999806952,3.72675473759844e-18,TRUE
467,"42",2016,55.4145,-53.8185,1030.83,2.296,15.6877325727695,15.6876252581489,1.86912882237135,0.182219002290067,FALSE
468,"42",2016,55.4145,-53.8185,849.755,2.332,14.1590789835552,14.1589417167271,1.94077677199438,0.153055614131138,FALSE
469,"42",2016,55.4145,-53.8185,670.846,2.305,15.7490015001801,15.7487229243158,1.86636503782932,0.192400630038478,FALSE
470,"42",2016,55.4145,-53.8185,509.827,2.444,14.7288643146176,14.7275411688624,1.91338224009706,0.281555207124413,FALSE
471,"42",2016,55.4145,-53.8185,370.587,2.461,14.7511468035554,14.750657718371,1.91235316840516,0.301013345819057,FALSE
472,"42",2016,55.4145,-53.8185,250.382,2.44,14.7100385206042,14.7091664866288,1.91428674662533,0.276374424773777,FALSE
473,"42",2016,55.4145,-53.8185,149.663,2.612,15.6203072254392,15.6195939767659,1.87215661022247,0.547368241397507,FALSE
474,"42",2016,55.4145,-53.8185,99.95,2.754,16.0047003308793,16.0042644527812,1.85493595760735,0.808316152323412,FALSE
475,"42",2016,55.4145,-53.8185,50.878,3.034,16.8608093040603,16.8517178272802,1.81744254535506,1.48001204045217,FALSE
476,"42",2016,55.4145,-53.8185,20.453,3.195,17.1392745614885,17.1367733480027,1.80584342050449,1.92975600235566,FALSE
477,"42",2016,55.4145,-53.8185,2.14,3.244,17.2375877829818,17.2365504795847,1.80175953421108,2.08005756115906,FALSE
478,"45",2016,55.2672,-53.9517,2165.874,1.267,23.4486993147301,13.2509876723493,1.26699999642815,1.27581309352439e-17,TRUE
479,"45",2016,55.2672,-53.9517,1970.659,1.122,25.4188340189057,12.4302082432861,1.12199999934052,4.34919762261769e-19,TRUE
480,"45",2016,55.2672,-53.9517,1900.474,1.133,25.2683840890054,12.4968681350384,1.13299999932998,4.4892387778347e-19,TRUE
481,"45",2016,55.2672,-53.9517,1810.318,1.154,24.9815543227582,12.6219849230242,1.15399999929381,4.98704309560334e-19,TRUE
482,"45",2016,55.2672,-53.9517,1690.223,1.276,23.3275140263659,13.2982014313335,1.27599999551652,2.01016031498058e-17,TRUE
483,"45",2016,55.2672,-53.9517,1549.975,1.148,25.0634513200201,12.5865202985538,1.14799999930702,4.80225136521026e-19,TRUE
484,"45",2016,55.2672,-53.9517,1391.356,1.127,25.3504307567932,12.4606052235609,1.12699999933623,4.40584916528662e-19,TRUE
485,"45",2016,55.2672,-53.9517,1211.413,1.132,25.2820556747683,12.4908404058327,1.13199999933112,4.47401429069219e-19,TRUE
486,"45",2016,55.2672,-53.9517,1031.04,1.32,22.7373631425591,13.5238526344037,1.31999998575725,2.02856069289656e-16,TRUE
487,"45",2016,55.2672,-53.9517,891.284,1.612,18.5061084801556,13.8888621696995,1.61199999839438,2.57800229787229e-18,TRUE
488,"45",2016,55.2672,-53.9517,670.977,2.116,14.9942608529653,14.9938149492513,1.90093525586717,0.0462528441689184,FALSE
489,"45",2016,55.2672,-53.9517,509.998,2.274,15.4044636935552,15.4042216740073,1.88198855261962,0.153672974877262,FALSE
490,"45",2016,55.2672,-53.9517,370.304,2.309,15.7979266579881,15.7971781199233,1.86415424333344,0.197887747224247,FALSE
491,"45",2016,55.2672,-53.9517,251.108,2.453,14.9019345340063,14.9013454216555,1.90525104221612,0.300028920753327,FALSE
492,"45",2016,55.2672,-53.9517,160.184,2.613,15.6304719803267,15.6304699403329,1.87171771402866,0.549499427494898,FALSE
493,"45",2016,55.2672,-53.9517,100.106,2.743,15.9702084727937,15.9700737531911,1.8564775606674,0.785922035440224,FALSE
494,"45",2016,55.2672,-53.9517,49.531,2.932,16.577173892303,16.5632554731194,1.82947126997634,1.21556960052759,FALSE
495,"45",2016,55.2672,-53.9517,18.977,3.06,16.9199309511967,16.9197698741415,1.81518647881284,1.54956070253038,FALSE
496,"45",2016,55.2672,-53.9517,2.875,3.369,17.4595550072466,17.4587725041315,1.79251926205278,2.48529151711861,FALSE
497,"59",2016,55.8455,-53.3912,3156.474,1.692,17.4375153776388,14.0331161876529,1.69199999812262,3.52455494036658e-18,TRUE
498,"59",2016,55.8455,-53.3912,3099.274,1.886,14.9136398792071,14.2807500858737,1.88600000741863,5.50360865493498e-17,TRUE
499,"59",2016,55.8455,-53.3912,3020.574,1.603,18.6273336368351,13.8710647642746,1.60299999843024,2.46413422253393e-18,TRUE
500,"59",2016,55.8455,-53.3912,2921.428,1.431,21.2694624088705,14.0642374667906,1.43099999930099,4.88613373499357e-19,TRUE
501,"59",2016,55.8455,-53.3912,2809.888,1.243,23.7725760545266,13.123164158357,1.24299999796582,4.13790607758921e-18,TRUE
502,"59",2016,55.8455,-53.3912,2690.953,1.073,26.0905599162365,12.1235082568793,1.07299999935963,4.1007314158208e-19,TRUE
503,"59",2016,55.8455,-53.3912,2562.555,1.086,25.9121184201193,12.2064650881289,1.08599999935684,4.13653318557844e-19,TRUE
504,"59",2016,55.8455,-53.3912,2409.833,1.089,25.8709618445203,12.2254438171838,1.08899999935606,4.14652734318847e-19,TRUE
505,"59",2016,55.8455,-53.3912,2230.313,1.109,25.5968103509557,12.3504101212757,1.10899999934869,4.24199083665629e-19,TRUE
506,"59",2016,55.8455,-53.3912,2009.566,1.2,24.3552439679339,12.8866442511759,1.19999999902086,9.58711426566156e-19,TRUE
507,"59",2016,55.8455,-53.3912,1788.432,2.368,14.3747390669631,14.3746075869868,1.93032646974636,0.191558119084682,FALSE
508,"59",2016,55.8455,-53.3912,1551.044,2.348,14.3077980772899,14.3075851349439,1.93355533044591,0.1717643841218,FALSE
509,"59",2016,55.8455,-53.3912,1310.972,2.428,14.835221222846,14.833816253205,1.90836113810434,0.270024546792217,FALSE
510,"59",2016,55.8455,-53.3912,1090.704,2.416,14.6008421830024,14.6006561133407,1.91949318032416,0.246519021984612,FALSE
511,"59",2016,55.8455,-53.3912,892.033,2.507,15.0588231907764,15.0530934214222,1.89777054438749,0.371160529585918,FALSE
512,"59",2016,55.8455,-53.3912,712.167,2.534,15.2049201477148,15.1998674640572,1.89101774862994,0.413426175576909,FALSE
513,"59",2016,55.8455,-53.3912,551.646,2.454,15.0455215800929,15.0454398754505,1.89855616599244,0.308517852737017,FALSE
514,"59",2016,55.8455,-53.3912,400.62,2.58,15.4806751810721,15.4801528948421,1.87850167524893,0.492099899628559,FALSE
515,"59",2016,55.8455,-53.3912,290.682,2.662,15.8568471256458,15.8565486249533,1.86152857560645,0.640754501270635,FALSE
516,"59",2016,55.8455,-53.3912,190.825,2.461,14.7511468035554,14.750657718371,1.91235316840516,0.301013345819057,FALSE
517,"59",2016,55.8455,-53.3912,99.353,2.646,15.7769869555241,15.7767922667385,1.86511015592055,0.609788948586427,FALSE
518,"59",2016,55.8455,-53.3912,51.325,2.521,15.0921769952593,15.0914260307861,1.89636668373407,0.390166779789369,FALSE
519,"59",2016,55.8455,-53.3912,25.643,2.808,17.1023260305546,15.9495502405055,1.77362296797062,1.06993584438991,FALSE
520,"59",2016,55.8455,-53.3912,2.993,3.294,17.2827815515915,17.2824824569227,1.79989039745243,2.23236350442486,FALSE
521,"62",2016,56.1098,-53.1115,3373.698,2.013,15.080375849744,15.0799180653509,1.8969236658443,0.0134737153510264,FALSE
522,"62",2016,56.1098,-53.1115,3301.158,1.843,15.4471796807193,14.1953898543806,1.84299999902128,9.57890653340622e-19,TRUE
523,"62",2016,56.1098,-53.1115,3221.491,1.797,16.0412970992009,14.1409686870787,1.79700000404478,1.63602314159015e-17,TRUE
524,"62",2016,56.1098,-53.1115,3120.616,1.722,17.0380596471685,14.0740460764795,1.7219999977449,5.0854895100822e-18,TRUE
525,"62",2016,56.1098,-53.1115,2999.704,1.48,20.6336351624462,14.296266268935,1.47999999924585,5.68748700016596e-19,TRUE
526,"62",2016,56.1098,-53.1115,2860.175,1.344,22.4172363139879,13.6436898585067,1.3439999733154,7.12067822452529e-16,TRUE
527,"62",2016,56.1098,-53.1115,2700.631,1.197,24.39600090752,12.8697623589965,1.19699999905397,8.94982274379313e-19,TRUE
528,"62",2016,56.1098,-53.1115,2520.331,1.347,22.3773161858198,13.6585269396404,1.34699997116592,8.31404387852346e-16,TRUE
529,"62",2016,56.1098,-53.1115,2318.756,1.094,25.8023867205886,12.2569386127258,1.09399999935462,4.16515881066913e-19,TRUE
530,"62",2016,56.1098,-53.1115,2098.886,1.246,23.7320364693147,13.1392995232852,1.24599999782741,4.72014874141446e-18,TRUE
531,"62",2016,56.1098,-53.1115,1740.433,1.225,24.0161280109862,13.0253701375366,1.22499999857832,2.02116485627962e-18,TRUE
532,"62",2016,56.1098,-53.1115,1641.884,1.981,14.4857646759299,14.4857529612936,1.92499542378343,0.0031365125571972,FALSE
533,"62",2016,56.1098,-53.1115,1400.097,2.366,14.3967844777779,14.3894630147639,1.92905194905713,0.190923599222776,FALSE
534,"62",2016,56.1098,-53.1115,1179.424,2.386,14.4579665528442,14.4570878339915,1.92630254710918,0.211321748194304,FALSE
535,"62",2016,56.1098,-53.1115,959.08,2.389,14.6106244076482,14.6102915919603,1.91902305965766,0.220878324453551,FALSE
536,"62",2016,56.1098,-53.1115,759.334,2.41,14.5696551273324,14.569186461038,1.92097136767922,0.239149003229532,FALSE
537,"62",2016,56.1098,-53.1115,579.784,2.406,14.653692596756,14.6536689812092,1.91698427813479,0.239136376231352,FALSE
538,"62",2016,56.1098,-53.1115,430.682,2.428,14.835221222846,14.833816253205,1.90836113810434,0.270024546792217,FALSE
539,"62",2016,56.1098,-53.1115,298.692,2.372,14.5625580890977,14.5624452043042,1.92132050412903,0.203112007998509,FALSE
540,"62",2016,56.1098,-53.1115,201.042,2.513,15.3257115286117,15.325302190013,1.88559211310239,0.39364065654132,FALSE
541,"62",2016,56.1098,-53.1115,100.862,2.729,16.0744938322443,16.0742979413792,1.85184929020861,0.769393367687547,FALSE
542,"62",2016,56.1098,-53.1115,50.951,2.771,15.9686216687702,15.9684381893298,1.85654670911834,0.836224821204294,FALSE
543,"62",2016,56.1098,-53.1115,26.208,3.166,17.0087653247883,17.0085701798869,1.81141763529974,1.83489338275695,FALSE
544,"62",2016,56.1098,-53.1115,2.294,3.123,16.9490453052548,16.9488272344141,1.81394822320997,1.71361655431712,FALSE
545,"77",2016,56.537,-52.6722,3537.232,1.956,14.3518972559117,14.3516539350992,1.93142448032944,0.000603956167078198,FALSE
546,"77",2016,56.537,-52.6722,3459.447,1.71,17.1963227757859,14.0551375452467,1.70999999781318,4.78217516968803e-18,TRUE
547,"77",2016,56.537,-52.6722,3380.828,1.245,23.745547962814,13.1339261719122,1.24499999787493,4.51594283253728e-18,TRUE
548,"77",2016,56.537,-52.6722,3281.518,1.177,24.6680408855577,12.7558867445558,1.1769999992078,6.27584841885713e-19,TRUE
549,"77",2016,56.537,-52.6722,3160.004,1.037,26.5854510230844,11.8875879507967,1.03700002302614,5.30203097492274e-16,TRUE
550,"77",2016,56.537,-52.6722,3030.779,1.29,23.1393111706485,13.3709037324288,1.28999999355261,4.15688773201648e-17,TRUE
551,"77",2016,56.537,-52.6722,2859.81,1.1,25.7201289023289,12.2945086385338,1.09999999935258,4.19152521052991e-19,TRUE
552,"77",2016,56.537,-52.6722,2660.315,1.059,26.282893309127,12.0328541116862,1.05900004989484,2.48949519530108e-15,TRUE
553,"77",2016,56.537,-52.6722,2441.943,1.089,25.8709618445203,12.2254438171838,1.08899999935606,4.14652734318847e-19,TRUE
554,"77",2016,56.537,-52.6722,2211.092,1.008,26.9847932818255,11.6907412219314,1.00800000714978,5.11193046947287e-17,TRUE
555,"77",2016,56.537,-52.6722,1970.012,1.12,25.4462030885228,12.4180038724789,1.11999999934203,4.32928773311189e-19,TRUE
556,"77",2016,56.537,-52.6722,1730.258,2.206,16.188564302956,16.1878965592244,1.84680159200283,0.129023496307705,FALSE
557,"77",2016,56.537,-52.6722,1500.711,2.503,15.2914487782741,15.2912432164762,1.88717248439786,0.379243528972703,FALSE
558,"77",2016,56.537,-52.6722,1280.131,2.552,15.4268722497685,15.4265334622257,1.88096151166528,0.450292652826547,FALSE
559,"77",2016,56.537,-52.6722,1070.886,2.548,15.2734281573705,15.2696157071576,1.88789543207001,0.435738040602045,FALSE
560,"77",2016,56.537,-52.6722,871.608,2.626,15.6857118613096,15.6856239300987,1.86922051971432,0.572715181781464,FALSE
561,"77",2016,56.537,-52.6722,680.026,2.43,14.6412716590821,14.6410646714375,1.91756901815135,0.262585511158368,FALSE
562,"77",2016,56.537,-52.6722,510.506,2.349,14.5794403743907,14.5789103570553,1.92050287982642,0.183609781997051,FALSE
563,"77",2016,56.537,-52.6722,360.843,2.493,15.0206188709037,15.0117174681704,1.89945632727596,0.35229409143074,FALSE
564,"77",2016,56.537,-52.6722,220.917,2.772,16.0054800349837,16.0034603577268,1.85485492739083,0.841155084211273,FALSE
565,"77",2016,56.537,-52.6722,100.247,2.83,16.2576509479992,16.2557221489567,1.84372938493962,0.972729726131574,FALSE
566,"77",2016,56.537,-52.6722,51.287,3.053,16.9102377607997,16.8975720489681,1.81523424276181,1.53206406979142,FALSE
567,"77",2016,56.537,-52.6722,25.537,3.116,17.0488418358845,17.047336641765,1.80968481231999,1.70645936956347,FALSE
568,"77",2016,56.537,-52.6722,2.12,3.135,16.970658617258,16.9671984000946,1.81293690303741,1.74785083235033,FALSE
569,"85",2016,56.957,-52.2368,3561.744,1.948,14.3506871931755,14.3500681979076,1.93147173655026,0.000273183492664118,FALSE
570,"85",2016,56.957,-52.2368,3490.453,1.867,15.1453401501456,14.2352048740975,1.86699999894878,1.10506348826723e-18,TRUE
571,"85",2016,56.957,-52.2368,3397.707,1.57,19.0745254928656,13.8051420129356,1.5699999986088,1.93543879821027e-18,TRUE
572,"85",2016,56.957,-52.2368,3290.812,1.304,22.9514996803701,13.4427437708114,1.30399999067246,8.70030328214781e-17,TRUE
573,"85",2016,56.957,-52.2368,3168.975,1.134,25.2547136579771,12.5028894531521,1.1339999993288,4.50504650017269e-19,TRUE
574,"85",2016,56.957,-52.2368,3030.482,1.273,23.3678922724237,13.2825057724879,1.27299999584653,1.725135372292e-17,TRUE
575,"85",2016,56.957,-52.2368,2868.937,1.093,25.8160998072139,12.2506532545498,1.09299999935493,4.16121603902598e-19,TRUE
576,"85",2016,56.957,-52.2368,2682.271,1.191,24.4775537834613,12.8358439488872,1.1909999991112,7.89972012347649e-19,TRUE
577,"85",2016,56.957,-52.2368,2470.974,1.096,25.7749634864538,12.2694889897939,1.09599999935398,4.17341142890883e-19,TRUE
578,"85",2016,56.957,-52.2368,2250.219,1.101,25.7064227587622,12.300746706646,1.1009999993522,4.19642009623531e-19,TRUE
579,"85",2016,56.957,-52.2368,2010.395,1.33,22.6038148456153,13.5740392952285,1.32999998147045,3.43344285121199e-16,TRUE
580,"85",2016,56.957,-52.2368,1771.707,2.433,14.7298021221946,14.7292971842387,1.91336203727599,0.270023612303963,FALSE
581,"85",2016,56.957,-52.2368,1531.171,2.597,15.5473104651747,15.5472512734554,1.87548450572113,0.520584608484487,FALSE
582,"85",2016,56.957,-52.2368,1290.774,2.595,15.6080107730523,15.6071070815157,1.87270753378991,0.52170640674386,FALSE
583,"85",2016,56.957,-52.2368,1068.98,2.567,15.3671718660725,15.3668906711854,1.88369437576534,0.466906576110717,FALSE
584,"85",2016,56.957,-52.2368,869.059,2.597,15.5473104651747,15.5472512734554,1.87548450572113,0.520584608484487,FALSE
585,"85",2016,56.957,-52.2368,682.375,2.759,16.0328785182427,16.0326746260195,1.85369245482804,0.819581751345282,FALSE
586,"85",2016,56.957,-52.2368,510.756,2.65,15.3774439607204,15.3771855130951,1.88322453956829,0.587944606720253,FALSE
587,"85",2016,56.957,-52.2368,360.51,2.708,15.8502741755105,15.8460802440091,1.86170831877274,0.716209609714463,FALSE
588,"85",2016,56.957,-52.2368,219.91,2.63,15.9133781346596,15.9128045678806,1.85899578541789,0.594447498903382,FALSE
589,"85",2016,56.957,-52.2368,100.339,2.995,16.5866623642195,16.5855303820055,1.82943484233601,1.35854213676027,FALSE
590,"85",2016,56.957,-52.2368,49.531,3.059,16.7533679290934,16.7524750103783,1.82227234125791,1.52949530189769,FALSE
591,"85",2016,56.957,-52.2368,26.434,3.178,17.1191206622006,17.0993406920491,1.80618891702676,1.8818656473682,FALSE
592,"85",2016,56.957,-52.2368,2.677,3.094,16.9989261067938,16.9961963421171,1.8117603914801,1.64413841365727,FALSE
593,"94",2016,59.0667,-49.9532,3508.825,2.033,15.4185330346874,15.4181428597266,1.88134101512717,0.0230004476926565,FALSE
594,"94",2016,59.0667,-49.9532,3450.999,1.962,14.353679371003,14.3528392606109,1.9313208379613,0.000941210983396683,FALSE
595,"94",2016,59.0667,-49.9532,3371.148,1.831,15.5991123874127,14.1757101206799,1.83099999905144,8.99773461187685e-19,TRUE
596,"94",2016,59.0667,-49.9532,3271.742,1.521,20.1081803155721,14.4898843348269,1.52099999906506,8.74118850696517e-19,TRUE
597,"94",2016,59.0667,-49.9532,3151.983,1.335,22.5371266112869,13.5989940366789,1.33499997888082,4.46019940396716e-16,TRUE
598,"94",2016,59.0667,-49.9532,3021.12,1.234,23.8942855663015,13.0744797459481,1.23399999831364,2.84380385803565e-18,TRUE
599,"94",2016,59.0667,-49.9532,2862.999,1.181,24.6135883542634,12.7788492062063,1.18099999918464,6.64805776874576e-19,TRUE
600,"94",2016,59.0667,-49.9532,2663.312,1.192,24.4639580589704,12.8415114128868,1.19199999910242,8.05645490265518e-19,TRUE
601,"94",2016,59.0667,-49.9532,2438.931,1.167,24.804266354405,12.6980628754221,1.16699999925362,5.5708851055521e-19,TRUE
602,"94",2016,59.0667,-49.9532,2209.055,1.419,21.4264405314378,14.0071423330597,1.41899999930693,4.80342087187459e-19,TRUE
603,"94",2016,59.0667,-49.9532,1974.67,1.565,19.1426437203552,13.7950345000846,1.56499999863978,1.85020612893276e-18,TRUE
604,"94",2016,59.0667,-49.9532,1727.825,2.414,14.6804243616892,14.6802546305567,1.91571112087179,0.248291807062848,FALSE
605,"94",2016,59.0667,-49.9532,1500.757,2.318,15.8642018422005,15.85788301164,1.86102313430863,0.208827855777109,FALSE
606,"94",2016,59.0667,-49.9532,1281.314,2.443,14.7161182930048,14.7158759258066,1.91401744786671,0.279822540461448,FALSE
607,"94",2016,59.0667,-49.9532,1071.841,2.451,14.757058889056,14.7566040608299,1.91207480684607,0.290440363815996,FALSE
608,"94",2016,59.0667,-49.9532,872.255,2.441,14.6918466764794,14.6909553526267,1.91514816361477,0.276520153829714,FALSE
609,"94",2016,59.0667,-49.9532,681.849,2.527,15.0638834464395,15.0620503855959,1.89764999464844,0.396081429236011,FALSE
610,"94",2016,59.0667,-49.9532,511.712,2.449,14.9413499310269,14.9412745763904,1.90341945289974,0.297658133374221,FALSE
611,"94",2016,59.0667,-49.9532,362.338,2.591,15.5073147830809,15.5072385983721,1.87730193692268,0.509364925240317,FALSE
612,"94",2016,59.0667,-49.9532,221.167,2.621,15.6649183798533,15.6644008955861,1.8701461573421,0.563781493034138,FALSE
613,"94",2016,59.0667,-49.9532,98.757,2.999,16.7780402024628,16.7704737119954,1.82102146612392,1.38763342627285,FALSE
614,"94",2016,59.0667,-49.9532,51.134,2.994,16.5834146869866,16.5827102324982,1.82958755989258,1.35585633067693,FALSE
615,"94",2016,59.0667,-49.9532,27.155,3.168,17.082791063015,17.0825323698806,1.80828798128447,1.84881677383945,FALSE
616,"94",2016,59.0667,-49.9532,1.862,3.111,17.0631885435468,17.0257495805128,1.80803284781608,1.69772339967027,FALSE
617,"106",2016,59.481,-49.4853,3443.467,1.849,15.3714634868948,14.2052854690624,1.84899999900467,9.90674817507205e-19,TRUE
618,"106",2016,59.481,-49.4853,3378.02,1.845,15.4219225266694,14.1986848860207,1.84499999901586,9.68534364107519e-19,TRUE
619,"106",2016,59.481,-49.4853,3301.824,1.807,15.9048335073756,14.1365292606469,1.80699999910029,8.09485028023743e-19,TRUE
620,"106",2016,59.481,-49.4853,3196.966,1.662,17.8353986649598,13.9797076224555,1.66199999816464,3.36854338551708e-18,TRUE
621,"106",2016,59.481,-49.4853,3079.702,1.099,25.7338360515972,12.2882638421885,1.09899999935295,4.18678260169399e-19,TRUE
622,"106",2016,59.481,-49.4853,2949.076,1.291,23.1258828517899,13.3760632039807,1.29099999338115,4.38092035591088e-17,TRUE
623,"106",2016,59.481,-49.4853,2789.103,1.178,24.654425709949,12.7616362497308,1.1779999992023,6.3632761999148e-19,TRUE
624,"106",2016,59.481,-49.4853,2608.744,1.262,23.516089160232,13.2245914507947,1.26199999684226,9.97129570202902e-18,TRUE
625,"106",2016,59.481,-49.4853,2610.564,1.186,24.5455536135721,12.8074196158449,1.18599999915097,7.20855639103584e-19,TRUE
626,"106",2016,59.481,-49.4853,2350.161,1.082,25.9670070157612,12.1810641341793,1.08199999935779,4.12435761290903e-19,TRUE
627,"106",2016,59.481,-49.4853,2050.474,1.166,24.8178961709905,12.692247363538,1.16599999925739,5.5146561534889e-19,TRUE
628,"106",2016,59.481,-49.4853,1780.725,1.18,24.6271994396695,12.7731174693747,1.17999999919073,6.54920782691641e-19,TRUE
629,"106",2016,59.481,-49.4853,1497.625,1.984,14.5557854317899,14.5555796662967,1.92164101246512,0.00388864332637582,FALSE
630,"106",2016,59.481,-49.4853,1278.888,2.204,16.2210204358889,16.2200754174787,1.84536626367799,0.128618156828289,FALSE
631,"106",2016,59.481,-49.4853,1069.576,2.322,15.9043418863985,15.8956665532947,1.85916131256138,0.214219650589905,FALSE
632,"106",2016,59.481,-49.4853,869.538,2.351,14.3222804950737,14.3214471229415,1.93283692997774,0.174860353130441,FALSE
633,"106",2016,59.481,-49.4853,680.207,2.483,14.9831901508237,14.9827840500831,1.90145337041937,0.338196482376593,FALSE
634,"106",2016,59.481,-49.4853,509.627,2.474,15.1916930702421,15.1913459650824,1.89176748210356,0.338994704896034,FALSE
635,"106",2016,59.481,-49.4853,359.373,2.502,14.9558253122954,14.954968249886,1.90271909885146,0.359137598481403,FALSE
636,"106",2016,59.481,-49.4853,220.274,2.671,15.8922210115449,15.8916953663549,1.85994127012339,0.657816263309055,FALSE
637,"106",2016,59.481,-49.4853,99.539,3.013,16.8035695223978,16.8029292743708,1.82013174907821,1.42293466405721,FALSE
638,"106",2016,59.481,-49.4853,49.689,3.064,16.7931556917251,16.7871110246085,1.82041933438067,1.54649287190221,FALSE
639,"106",2016,59.481,-49.4853,23.88,3.225,17.1254934654266,17.1249455843631,1.80648017957394,2.01219848094158,FALSE
640,"106",2016,59.481,-49.4853,4.745,3.081,16.8195339254142,16.8187711577901,1.81944617888631,1.59151804356654,FALSE
641,"108",2016,59.7533,-49.1602,3253.842,1.914,14.5627051496957,14.3154524411914,1.91399995594249,1.94106419485705e-15,TRUE
642,"108",2016,59.7533,-49.1602,3199.621,1.823,15.7084262272248,14.1818597598214,1.82300000676316,4.57402885668708e-17,TRUE
643,"108",2016,59.7533,-49.1602,3120.332,1.739,16.8146193014104,14.1002758452495,1.73899999763423,5.59687831413498e-18,TRUE
644,"108",2016,59.7533,-49.1602,3020.297,1.571,19.0634948207387,13.8129143322425,1.57099999868896,1.71881991067986e-18,TRUE
645,"108",2016,59.7533,-49.1602,2898.743,1.221,24.0703218313426,13.0034046307723,1.22099999867438,1.75725970822481e-18,TRUE
646,"108",2016,59.7533,-49.1602,2773.903,1.108,25.6105082877229,12.344225551455,1.10799999934919,4.23560108881407e-19,TRUE
647,"108",2016,59.7533,-49.1602,2621.221,0.988,27.2604856115412,11.5513607128081,0.98800000267663,7.16435068802782e-18,TRUE
648,"108",2016,59.7533,-49.1602,2460.294,1.142,25.1453922953378,12.5508303671383,1.14199999931769,4.65541160283244e-19,TRUE
649,"108",2016,59.7533,-49.1602,2257.637,1.072,26.1042924862462,12.117078456693,1.07199999935982,4.09835717655185e-19,TRUE
650,"108",2016,59.7533,-49.1602,2060.187,1.094,25.8023867205886,12.2569386127258,1.09399999935462,4.16515881066913e-19,TRUE
651,"108",2016,59.7533,-49.1602,1853.509,1.23,23.9484215927161,13.0527063269904,1.22999999844031,2.43262783787094e-18,TRUE
652,"108",2016,59.7533,-49.1602,1640.745,1.258,23.5700336062382,13.2033872567884,1.25799999713319,8.21861937599309e-18,TRUE
653,"108",2016,59.7533,-49.1602,1434.398,2.111,15.098316694133,15.0979778202351,1.89609367566332,0.0461847282399006,FALSE
654,"108",2016,59.7533,-49.1602,1231.048,2.125,15.1470491658597,15.1468633458999,1.89383796894501,0.0534358846014678,FALSE
655,"108",2016,59.7533,-49.1602,1029.651,2.374,14.4228853893505,14.4225210171726,1.92800246306471,0.198913802952344,FALSE
656,"108",2016,59.7533,-49.1602,842.212,2.36,14.3784634236433,14.3783898842407,1.93014873827637,0.184772107205395,FALSE
657,"108",2016,59.7533,-49.1602,658.41,2.497,15.0734920664331,15.0725948924632,1.8972307211408,0.359723187863282,FALSE
658,"108",2016,59.7533,-49.1602,478.048,2.43,14.6412716590821,14.6410646714375,1.91756901815135,0.262585511158368,FALSE
659,"108",2016,59.7533,-49.1602,331.925,2.513,15.3257115286117,15.325302190013,1.88559211310239,0.39364065654132,FALSE
660,"108",2016,59.7533,-49.1602,213.4,2.72,15.8841171517281,15.8838648474505,1.86031115709986,0.739064906606974,FALSE
661,"108",2016,59.7533,-49.1602,102.531,3.055,16.9156508936555,16.9002383937568,1.81492407390403,1.53778830248278,FALSE
662,"108",2016,59.7533,-49.1602,50.014,3.056,17.0892922376527,16.8313088296863,1.80049918287366,1.5762823018049,FALSE
663,"108",2016,59.7533,-49.1602,24.002,3.07,16.9423446662847,16.942184769862,1.81423436907736,1.57694731980653,FALSE
664,"108",2016,59.7533,-49.1602,1.643,3.143,17.0295242144976,17.0270107931941,1.81047193580902,1.77563104185656,FALSE
665,"110",2016,59.983,-48.8992,3048.186,1.848,15.3910324489176,14.2212751128914,1.84800001006028,1.01209169972935e-16,TRUE
666,"110",2016,59.983,-48.8992,2970.981,1.899,14.7473535538128,14.2894293272458,1.8989999478364,2.7210411065301e-15,TRUE
667,"110",2016,59.983,-48.8992,2869.489,1.839,15.5049797930138,14.2070589258652,1.83900000879237,7.73056950311629e-17,TRUE
668,"110",2016,59.983,-48.8992,2759.523,1.481,20.6207488760207,14.3009936876577,1.48099999924373,5.71949253219668e-19,TRUE
669,"110",2016,59.983,-48.8992,2639.686,1.343,22.4305478810788,13.638737440515,1.34299997399717,6.76146908204876e-16,TRUE
670,"110",2016,59.983,-48.8992,2499.337,1.197,24.39600090752,12.8697623589965,1.19699999905397,8.94982274379313e-19,TRUE
671,"110",2016,59.983,-48.8992,2339.158,1.113,25.5420291110827,12.3750820403055,1.11299999934656,4.26988435809164e-19,TRUE
672,"110",2016,59.983,-48.8992,2158.859,1.003,27.0536968299267,11.656175884137,1.00300000569819,3.24694189734946e-17,TRUE
673,"110",2016,59.983,-48.8992,1980.223,1.019,26.833256047951,11.7661334305297,1.0190000114296,1.30635739404941e-16,TRUE
674,"110",2016,59.983,-48.8992,1780.966,1.171,24.7497602136702,12.721264475713,1.17099999923714,5.81951649073289e-19,TRUE
675,"110",2016,59.983,-48.8992,1578.618,1.32,22.7373631425591,13.5238526344037,1.31999998575725,2.02856069289656e-16,TRUE
676,"110",2016,59.983,-48.8992,1380.888,1.557,19.251479820487,13.7780143181207,1.55699999867926,1.74435052764708e-18,TRUE
677,"110",2016,59.983,-48.8992,1180.639,2.143,15.338788344523,15.3381705519535,1.88498580890059,0.0665713228086829,FALSE
678,"110",2016,59.983,-48.8992,979.459,2.413,14.6738471405836,14.673772240467,1.91602595353131,0.246983202863466,FALSE
679,"110",2016,59.983,-48.8992,800.945,2.325,15.9422055706929,15.9241691797655,1.85719902678106,0.218837750544584,FALSE
680,"110",2016,59.983,-48.8992,642.287,2.343,14.2828361861346,14.2812339269689,1.93472197991255,0.166690941686525,FALSE
681,"110",2016,59.983,-48.8992,501.054,2.37,14.4076021972331,14.4074951369725,1.92874497874061,0.194705993786626,FALSE
682,"110",2016,59.983,-48.8992,381.966,2.491,15.0596863901634,15.0595289821653,1.89789464573949,0.351773961252487,FALSE
683,"110",2016,59.983,-48.8992,260.205,2.563,15.5456853621687,15.5449735961911,1.87553912376195,0.472602456357993,FALSE
684,"110",2016,59.983,-48.8992,172.806,2.714,15.8803740212511,15.8592372083377,1.85986580751461,0.729545218772677,FALSE
685,"110",2016,59.983,-48.8992,101.875,2.991,16.752229427489,16.7513410329535,1.82232124493041,1.36581003255102,FALSE
686,"110",2016,59.983,-48.8992,53.579,3.103,17.0187821487789,17.0153443505772,1.81089936324961,1.66952405549077,FALSE
687,"110",2016,59.983,-48.8992,26.052,3.148,17.0411083810593,17.0392636502224,1.81000170062555,1.79023944912892,FALSE
688,"110",2016,59.983,-48.8992,2.866,3.268,17.2794129671891,17.276577133201,1.79995746146269,2.15514889495507,FALSE
689,"111",2016,60.175,-48.6747,2889.571,1.733,16.8933767536126,14.091089031213,1.73299999767552,5.4032100969487e-18,TRUE
690,"111",2016,60.175,-48.6747,2841.616,1.743,16.762178088352,14.1063597532441,1.74299999760514,5.73533676115743e-18,TRUE
691,"111",2016,60.175,-48.6747,2760.422,1.683,17.5560627428329,14.0160861528224,1.68299999809734,3.62011434301694e-18,TRUE
692,"111",2016,60.175,-48.6747,2660.264,1.55,19.3469827073082,13.7632106979915,1.5499999987177,1.64428656919105e-18,TRUE
693,"111",2016,60.175,-48.6747,2537.282,1.237,23.8537007573476,13.0907546414514,1.23699999820801,3.21122776518125e-18,TRUE
694,"111",2016,60.175,-48.6747,2241.167,1.164,24.8451597090209,12.6805981277926,1.16399999926456,5.40865033770984e-19,TRUE
695,"111",2016,60.175,-48.6747,2061.251,1.114,25.5283364504633,12.3812334771895,1.11399999934597,4.2774906475915e-19,TRUE
696,"111",2016,60.175,-48.6747,1860.828,1.125,25.377788711618,12.4484659165981,1.12499999933804,4.38193449407553e-19,TRUE
697,"111",2016,60.175,-48.6747,1658.065,1.206,24.2737697464479,12.9202550154221,1.2059999989442,1.11471434959747e-18,TRUE
698,"111",2016,60.175,-48.6747,1462.543,1.484,20.5821116756168,14.3151750835125,1.48399999923697,5.82222024363561e-19,TRUE
699,"111",2016,60.175,-48.6747,1260.737,1.474,20.7110289233785,14.2678987138745,1.47399999925729,5.51610729807059e-19,TRUE
700,"111",2016,60.175,-48.6747,1059.864,2.241,15.315447535744,15.3146798033538,1.8860529132795,0.125987434371373,FALSE
701,"111",2016,60.175,-48.6747,880.384,2.33,14.1748424106242,14.172230409101,1.93993555604174,0.152150270440469,FALSE
702,"111",2016,60.175,-48.6747,709.962,2.394,14.4925473031172,14.4918336101199,1.92464975535748,0.220289652145989,FALSE
703,"111",2016,60.175,-48.6747,558.098,2.499,14.933141032376,14.9324841987161,1.90378660991275,0.354278979739153,FALSE
704,"111",2016,60.175,-48.6747,428.769,2.529,15.261309582159,15.2477453032374,1.88816629861993,0.410667832824482,FALSE
705,"111",2016,60.175,-48.6747,309.529,2.562,15.4039753552921,15.4010881387312,1.88193307766323,0.462491018856608,FALSE
706,"115",2016,60.4627,-48.3927,138.616,3.174,17.037027443233,17.0263690216979,1.80991761924556,1.8607207414847,FALSE
707,"115",2016,60.4627,-48.3927,99.547,3.251,17.2717179905924,17.2579872824209,1.79996247548952,2.1055098975375,FALSE
708,"115",2016,60.4627,-48.3927,49.08,3.49,17.6781422421086,17.6770083561311,1.78349419124858,2.91216207530235,FALSE
709,"115",2016,60.4627,-48.3927,29.398,3.458,17.6343122458981,17.628421710125,1.78515667584515,2.79840478716943,FALSE
710,"115",2016,60.4627,-48.3927,18.691,3.574,17.611725475735,17.600147949624,1.78592094392459,3.19722671077551,FALSE
711,"115",2016,60.4627,-48.3927,3.794,3.49,17.6781422421086,17.6770083561311,1.78349419124858,2.91216207530235,FALSE
712,"126",2016,60.5728,-48.2373,144.141,3.446,17.5946484325682,17.5942724118519,1.78694890916663,2.75245052199541,FALSE
713,"126",2016,60.5728,-48.2373,99.798,3.51,17.6472809773284,17.6461351781632,1.78476113903429,2.97644912738627,FALSE
714,"126",2016,60.5728,-48.2373,58.843,3.435,17.5367614376808,17.5366990262787,1.78934569183388,2.70817810198571,FALSE
715,"126",2016,60.5728,-48.2373,19.335,3.555,17.5876529628666,17.5874158531594,1.78724114498939,3.12497136946843,FALSE
716,"126",2016,60.5728,-48.2373,4.417,3.61,17.6506474480383,17.6491383995418,1.78461228177882,3.33204032183272,FALSE
717,"130",2016,60.3613,-48.4452,1017.325,2.599,15.5679705915984,15.5676812050688,1.87454008114421,0.524842174028538,FALSE
718,"130",2016,60.3613,-48.4452,911.438,2.723,15.9099887047641,15.9091259832549,1.85913848574941,0.74625671580332,FALSE
719,"130",2016,60.3613,-48.4452,758.359,2.579,15.4013684517313,15.4012315884986,1.88213320515228,0.485623329761339,FALSE
720,"130",2016,60.3613,-48.4452,600.005,2.675,15.934601164588,15.9299916805669,1.85793142135637,0.667601062206722,FALSE
721,"130",2016,60.3613,-48.4452,470.691,2.896,16.3347027681595,16.3163135730356,1.8398746257964,1.1154008060367,FALSE
722,"130",2016,60.3613,-48.4452,351.886,2.835,16.357137360492,16.3567599911876,1.8394215266111,0.991176496675363,FALSE
723,"130",2016,60.3613,-48.4452,249.357,2.862,16.3591469930136,16.3589307849057,1.83933851656587,1.0458365096997,FALSE
724,"130",2016,60.3613,-48.4452,148.045,2.89,16.4982266925166,16.4978778112606,1.83328415431736,1.11664837851677,FALSE
725,"130",2016,60.3613,-48.4452,100.62,2.937,16.616327450534,16.6157321252532,1.82817055765324,1.22950273221502,FALSE
726,"130",2016,60.3613,-48.4452,49.801,2.971,16.7079421885925,16.7031617312749,1.82410694465606,1.31536368039615,FALSE
727,"130",2016,60.3613,-48.4452,20.243,3.067,16.9376638287162,16.9341591198642,1.81433570538503,1.56916783500322,FALSE
728,"130",2016,60.3613,-48.4452,2.328,3.115,16.8946890724356,16.8905514760883,1.81614410659419,1.68702663183501,FALSE
729,"135",2016,60.2982,-48.5543,2746.077,1.594,18.7490521506382,13.8535943299866,1.59399999848009,2.31012160927098e-18,TRUE
730,"135",2016,60.2982,-48.5543,2681.489,1.383,21.9000637135387,13.8344198328237,1.38299999931894,4.63846787885163e-19,TRUE
731,"135",2016,60.2982,-48.5543,2581.904,1.305,22.9381000766178,13.4478434615793,1.30499999042226,9.17331022526365e-17,TRUE
732,"135",2016,60.2982,-48.5543,2461.049,1.35,22.3374180997102,13.6733342060903,1.34999996885161,9.70222384988663e-16,TRUE
733,"135",2016,60.2982,-48.5543,2321.617,1.284,23.2199227538049,13.339853895521,1.28399999448814,3.03806455952601e-17,TRUE
734,"135",2016,60.2982,-48.5543,2169.545,1.358,22.231132791979,13.712678946208,1.35799996178358,1.46049467494085e-15,TRUE
735,"135",2016,60.2982,-48.5543,2000.96,1.379,21.9529214736394,13.815055002982,1.37899999931997,4.62435106941502e-19,TRUE
736,"135",2016,60.2982,-48.5543,1809.901,1.441,21.1390145325602,14.1116979970627,1.44099999929468,4.97470699078299e-19,TRUE
737,"135",2016,60.2982,-48.5543,1609.66,1.616,18.452095738934,13.8962127157264,1.61599999836925,2.65935853121997e-18,TRUE
738,"135",2016,60.2982,-48.5543,1360.196,2.297,15.7206367961367,15.7202653481046,1.86763845696325,0.184351334638895,FALSE
739,"135",2016,60.2982,-48.5543,1212.234,2.244,15.3245051948406,15.3224847956585,1.88560008632483,0.128450498122371,FALSE
740,"135",2016,60.2982,-48.5543,1011.563,2.404,14.7696445323751,14.768960268281,1.9114735823418,0.242582272091223,FALSE
741,"135",2016,60.2982,-48.5543,830.517,2.416,14.6008421830024,14.6006561133407,1.91949318032416,0.246519021984612,FALSE
742,"135",2016,60.2982,-48.5543,659.312,2.486,14.9944460939895,14.993671442469,1.90091691390603,0.342322217633239,FALSE
743,"135",2016,60.2982,-48.5543,510.435,2.722,15.8919612398783,15.8915698863971,1.85995680579204,0.743118468680261,FALSE
744,"135",2016,60.2982,-48.5543,369.969,2.651,15.8066272913647,15.8065218924127,1.86378295939619,0.619710669017015,FALSE
745,"135",2016,60.2982,-48.5543,250.28,2.787,16.1199420287979,16.1174688639509,1.84977366669951,0.87839319983189,FALSE
746,"135",2016,60.2982,-48.5543,99.695,2.727,15.9185828002462,15.9183444117673,1.8587735176924,0.753817224580228,FALSE
747,"135",2016,60.2982,-48.5543,50.15,2.8,16.0332173188748,16.0327711827492,1.85367033497685,0.895539834902833,FALSE
748,"135",2016,60.2982,-48.5543,17.891,2.788,16.1215285472085,16.1171336548571,1.84964734509964,0.880505704958552,FALSE
749,"135",2016,60.2982,-48.5543,2.598,2.797,16.2579940384227,16.2577768863153,1.84376441302423,0.908658084277043,FALSE
750,"149",2016,59.863,-49.0318,3162.524,1.935,14.3338909606858,14.3337671393191,1.93229711694548,7.3055768063894e-06,FALSE
751,"149",2016,59.863,-49.0318,2948.669,1.528,20.0190339940492,14.5228643118958,1.52799999899824,1.00351822061421e-18,TRUE
752,"149",2016,59.863,-49.0318,2698.29,1.077,26.0356384989731,12.1491579137927,1.07699999935885,4.11067371400631e-19,TRUE
753,"149",2016,59.863,-49.0318,2467.4,0.987,27.2742754009787,11.5443130536056,0.987000002531336,6.40765984685988e-18,TRUE
754,"149",2016,59.863,-49.0318,2147.855,1.169,24.7770106497967,12.7096757432308,1.16899999924566,5.69025370789628e-19,TRUE
755,"149",2016,59.863,-49.0318,1945.868,1.241,23.7996109147628,13.1123816390941,1.24099999805144,3.79689551448364e-18,TRUE
756,"149",2016,59.863,-49.0318,1820.149,1.003,27.0536968299267,11.656175884137,1.00300000569819,3.24694189734946e-17,TRUE
757,"149",2016,59.863,-49.0318,1688.874,1.158,24.9269812383942,12.6455039544838,1.15799999928332,5.13629019040242e-19,TRUE
758,"149",2016,59.863,-49.0318,1569.089,1.495,20.4407177650698,14.3671608881733,1.49499999920591,6.30577366546149e-19,TRUE
759,"149",2016,59.863,-49.0318,1450.994,1.781,16.2666203181154,14.162757785034,1.78099999724994,7.56283343385231e-18,TRUE
760,"149",2016,59.863,-49.0318,1330.501,2.199,16.1199380066232,16.1194994146641,1.84983342117254,0.121917299770071,FALSE
761,"149",2016,59.863,-49.0318,1208.288,2.161,15.6303719363115,15.6302386784397,1.87171838405836,0.0836838533218078,FALSE
762,"149",2016,59.863,-49.0318,1088.436,2.33,14.1748424106242,14.172230409101,1.93993555604174,0.152150270440469,FALSE
763,"149",2016,59.863,-49.0318,967.202,2.244,15.3245051948406,15.3224847956585,1.88560008632483,0.128450498122371,FALSE
764,"149",2016,59.863,-49.0318,851.071,2.309,15.7979266579881,15.7971781199233,1.86415424333344,0.197887747224247,FALSE
765,"149",2016,59.863,-49.0318,730.027,2.285,15.5451003781491,15.5446844168811,1.87557438249453,0.167629336269738,FALSE
766,"149",2016,59.863,-49.0318,611.662,2.407,14.8453814516214,14.8448429576246,1.90790870347452,0.249092122267488,FALSE
767,"149",2016,59.863,-49.0318,488.516,2.526,15.160538564138,15.1604985535489,1.89321760256052,0.40041356250926,FALSE
768,"149",2016,59.863,-49.0318,371.02,2.482,15.3517999706598,15.3491980097086,1.88433063686641,0.357208667628507,FALSE
769,"149",2016,59.863,-49.0318,250.682,2.576,15.4414305670575,15.4410681032788,1.88029603093259,0.484004012576142,FALSE
770,"150",2016,59.6167,-49.3205,3350.443,1.958,14.3565768448767,14.3558187593293,1.93118350534284,0.000719124385697483,FALSE
771,"150",2016,59.6167,-49.3205,3199.051,1.773,16.3705414310536,14.1510700303914,1.77299999733813,7.08554156515358e-18,TRUE
772,"150",2016,59.6167,-49.3205,2849.883,1.163,24.8587934213855,12.6747643823228,1.16299999926797,5.35869859970641e-19,TRUE
773,"150",2016,59.6167,-49.3205,2499.437,1.182,24.5999786417216,12.7845750430155,1.18199999917835,6.75105937026325e-19,TRUE
774,"150",2016,59.6167,-49.3205,2248.164,1.108,25.6105082877229,12.344225551455,1.10799999934919,4.23560108881407e-19,TRUE
775,"150",2016,59.6167,-49.3205,1931.105,1.155,24.9679091667239,12.6278739466781,1.15499999929132,5.02221682566506e-19,TRUE
776,"150",2016,59.6167,-49.3205,1797.475,1.275,23.3409715520258,13.2929741989882,1.27499999562963,1.91001092815771e-17,TRUE
777,"150",2016,59.6167,-49.3205,1691.175,1.308,22.8979139371264,13.4631177840104,1.30799998963049,1.07526777371868e-16,TRUE
778,"150",2016,59.6167,-49.3205,1570.425,1.783,16.2406751391715,14.165666820719,1.78299999722667,7.69138520859152e-18,TRUE
779,"150",2016,59.6167,-49.3205,1452.131,2.237,15.3043135901048,15.3039045717594,1.88657504185949,0.122797651287781,FALSE
780,"150",2016,59.6167,-49.3205,1329.557,2.277,15.4129119393335,15.4122363785303,1.8815895354627,0.156349435465601,FALSE
781,"150",2016,59.6167,-49.3205,1215.142,2.27,15.3956294492708,15.3926861161058,1.88231317796414,0.150301071980265,FALSE
782,"150",2016,59.6167,-49.3205,1091.226,2.145,15.3677353969301,15.3675273682262,1.88367071003992,0.0682929977910412,FALSE
783,"150",2016,59.6167,-49.3205,972.5,2.278,15.4142298964258,15.4135538741866,1.88152927778981,0.157189033569871,FALSE
784,"150",2016,59.6167,-49.3205,851.539,2.25,15.3431648143365,15.3378454632228,1.88464668610333,0.133483043975278,FALSE
785,"150",2016,59.6167,-49.3205,610.463,2.338,14.3210120835083,14.3205679676816,1.93290974701451,0.164098113063846,FALSE
786,"150",2016,59.6167,-49.3205,491.148,2.389,14.6106244076482,14.6102915919603,1.91902305965766,0.220878324453551,FALSE
787,"150",2016,59.6167,-49.3205,371.966,2.482,15.3517999706598,15.3491980097086,1.88433063686641,0.357208667628507,FALSE
788,"150",2016,59.6167,-49.3205,251.438,2.65,15.3774439607204,15.3771855130951,1.88322453956829,0.587944606720253,FALSE
789,"165",2016,58.642,-50.416,3565.105,1.988,14.6396162231756,14.6394057868086,1.91764759977652,0.00494946021720475,FALSE
790,"165",2016,58.642,-50.416,3501.799,1.843,15.4471796807193,14.1953898543806,1.84299999902128,9.57890653340622e-19,TRUE
791,"165",2016,58.642,-50.416,3428.578,1.814,15.8154108233806,14.1479282979054,1.81399999908754,8.32579395595319e-19,TRUE
792,"165",2016,58.642,-50.416,3320.822,1.558,19.2379542793073,13.7803509472987,1.55799999867712,1.74999923081184e-18,TRUE
793,"165",2016,58.642,-50.416,3201.322,1.255,23.6105106763855,13.1874326053595,1.25499999733026,7.12753648326349e-18,TRUE
794,"165",2016,58.642,-50.416,3060.602,1.171,24.7497602136702,12.721264475713,1.17099999923714,5.81951649073289e-19,TRUE
795,"165",2016,58.642,-50.416,2900.843,1.142,25.1453922953378,12.5508303671383,1.14199999931769,4.65541160283244e-19,TRUE
796,"165",2016,58.642,-50.416,2710.618,1.225,24.0161280109862,13.0253701375366,1.22499999857832,2.02116485627962e-18,TRUE
797,"165",2016,58.642,-50.416,2501.868,1.135,25.2410443854188,12.5089043688372,1.13499999932758,4.52145532469126e-19,TRUE
798,"165",2016,58.642,-50.416,2268.839,1.193,24.4503637594202,12.8471731029659,1.19299999909336,8.22004316878322e-19,TRUE
799,"165",2016,58.642,-50.416,2021.191,1.157,24.9406226205436,12.6396334527704,1.15699999928608,5.09678010710464e-19,TRUE
800,"165",2016,58.642,-50.416,1769.942,2.365,14.3669138782126,14.3645196675597,1.93063662353973,0.18867154280997,FALSE
801,"165",2016,58.642,-50.416,1529.952,2.358,14.3386075395676,14.3377251171528,1.93204692258282,0.181436024161168,FALSE
802,"165",2016,58.642,-50.416,1290.122,2.308,15.7747138440146,15.7746375284084,1.86521569277148,0.196057942727842,FALSE
803,"165",2016,58.642,-50.416,1069.896,2.354,14.3645676035921,14.3641477505724,1.93080818956134,0.179091308422353,FALSE
804,"165",2016,58.642,-50.416,872.28,2.404,14.7696445323751,14.768960268281,1.9114735823418,0.242582272091223,FALSE
805,"165",2016,58.642,-50.416,680.166,2.377,14.5747950704069,14.574460623807,1.92073017492352,0.208182153275319,FALSE
806,"165",2016,58.642,-50.416,509.208,2.43,14.6412716590821,14.6410646714375,1.91756901815135,0.262585511158368,FALSE
807,"165",2016,58.642,-50.416,359.832,2.516,15.1257047480222,15.1248398452416,1.89480723396517,0.385880452574004,FALSE
808,"165",2016,58.642,-50.416,222.742,2.69,15.7779152661893,15.7772563817048,1.86505485590772,0.68053449076143,FALSE
809,"165",2016,58.642,-50.416,100.963,3.091,16.9941465036282,16.9885427251733,1.81187912359357,1.63615021645874,FALSE
810,"165",2016,58.642,-50.416,50.638,3.029,16.8432951953532,16.8422692126412,1.81842437696787,1.46549333907964,FALSE
811,"165",2016,58.642,-50.416,26.381,3.105,17.0217902801153,17.021347068233,1.81085928621511,1.67480018707568,FALSE
812,"165",2016,58.642,-50.416,2.563,3.062,16.9277630499692,16.9174087312109,1.81455671816303,1.55611474140019,FALSE
813,"180",2016,58.2055,-50.892,3601.006,1.946,14.3409970355528,14.3404742684532,1.93194222207384,0.000197621120221098,FALSE
814,"180",2016,58.2055,-50.892,3521.468,1.765,16.4746835303526,14.1392921767549,1.76499999741871,6.66304352628421e-18,TRUE
815,"180",2016,58.2055,-50.892,3430.145,1.678,17.622721262066,14.0081626611835,1.67799999813027,3.49589165848042e-18,TRUE
816,"180",2016,58.2055,-50.892,3320.248,1.492,20.4792370528227,14.3529852127901,1.49199999921549,6.15451779023414e-19,TRUE
817,"180",2016,58.2055,-50.892,3199.379,1.181,24.6135883542634,12.7788492062063,1.18099999918464,6.64805776874576e-19,TRUE
818,"180",2016,58.2055,-50.892,3056.94,1.111,25.569417621014,12.3627593348456,1.11099999934766,4.25545105614377e-19,TRUE
819,"180",2016,58.2055,-50.892,2901.756,1.217,24.1245407808957,12.9813524022157,1.2169999987592,1.53957779756573e-18,TRUE
820,"180",2016,58.2055,-50.892,2746.867,0.951,27.7709669838703,11.2855501003752,0.950999999907087,8.63288943482955e-21,TRUE
821,"180",2016,58.2055,-50.892,2528.327,1.002,27.0674791757129,11.6492405084424,1.00200000543869,2.95793507097142e-17,TRUE
822,"180",2016,58.2055,-50.892,2269.933,1.122,25.4188340189057,12.4302082432861,1.12199999934052,4.34919762261769e-19,TRUE
823,"180",2016,58.2055,-50.892,2017.339,1.166,24.8178961709905,12.692247363538,1.16599999925739,5.5146561534889e-19,TRUE
824,"180",2016,58.2055,-50.892,1769.008,2.258,15.4232308832975,15.3366603938294,1.87859058754847,0.143951502256815,FALSE
825,"180",2016,58.2055,-50.892,1538.686,2.412,14.5832562978518,14.5826986422549,1.9203201389598,0.241749085752509,FALSE
826,"180",2016,58.2055,-50.892,1288.853,2.337,14.2473457869361,14.2469581640776,1.93647790245428,0.160417950622426,FALSE
827,"180",2016,58.2055,-50.892,1069.781,2.499,14.933141032376,14.9324841987161,1.90378660991275,0.354278979739153,FALSE
828,"180",2016,58.2055,-50.892,871.653,2.377,14.5747950704069,14.574460623807,1.92073017492352,0.208182153275319,FALSE
829,"180",2016,58.2055,-50.892,679.3,2.593,15.5230560304867,15.5224097080148,1.87656926016131,0.513273004985819,FALSE
830,"180",2016,58.2055,-50.892,507.362,2.413,14.6738471405836,14.673772240467,1.91602595353131,0.246983202863466,FALSE
831,"180",2016,58.2055,-50.892,360.454,2.428,14.835221222846,14.833816253205,1.90836113810434,0.270024546792217,FALSE
832,"180",2016,58.2055,-50.892,218.851,2.525,15.1557835279372,15.1551371392251,1.89341988488443,0.398893441809399,FALSE
833,"180",2016,58.2055,-50.892,100.477,2.609,15.6114368252786,15.611064967053,1.87256806543238,0.542331994251002,FALSE
834,"180",2016,58.2055,-50.892,48.302,2.935,16.6114630561202,16.6114435324029,1.82839712403025,1.22456992510451,FALSE
835,"180",2016,58.2055,-50.892,24.687,2.999,16.7780402024628,16.7704737119954,1.82102146612392,1.38763342627285,FALSE
836,"180",2016,58.2055,-50.892,4.493,3.11,17.0334619700479,17.0334410506201,1.81037799721785,1.68901735011548,FALSE
837,"191",2016,57.7842,-51.2832,3684.61,1.931,14.3548523015503,14.3450874002607,1.93099999859426,1.97611047855896e-18,TRUE
838,"191",2016,57.7842,-51.2832,3586.892,1.934,14.3319396022533,14.3314784014049,1.93238135988844,2.61999581076207e-06,FALSE
839,"191",2016,57.7842,-51.2832,3492.076,1.732,16.9065140742535,14.0895505727835,1.73199999768215,5.3724395372344e-18,TRUE
840,"191",2016,57.7842,-51.2832,3251.807,1.265,23.4756497799657,13.2404436132133,1.26499999660095,1.15535223156382e-17,TRUE
841,"191",2016,57.7842,-51.2832,3123.042,1.141,25.1590533319086,12.5448599829633,1.14099999931926,4.63403498155801e-19,TRUE
842,"191",2016,57.7842,-51.2832,2940.936,1.229,23.9619596602381,13.0472497476912,1.22899999846963,2.34201890643031e-18,TRUE
843,"191",2016,57.7842,-51.2832,2740.293,1.265,23.4756497799657,13.2404436132133,1.26499999660095,1.15535223156382e-17,TRUE
844,"191",2016,57.7842,-51.2832,2522.174,1.017,26.8608028852858,11.7524921460752,1.01700001052337,1.10741249745916e-16,TRUE
845,"191",2016,57.7842,-51.2832,2290.786,0.939,27.9366162488724,11.1970940526985,0.938999999647893,1.23979424826206e-19,TRUE
846,"191",2016,57.7842,-51.2832,1998.104,1.212,24.1923492958178,12.9536639263062,1.2119999988513,1.3195051134933e-18,TRUE
847,"191",2016,57.7842,-51.2832,1710.731,2.481,14.9802103862282,14.9795310589152,1.9015845003591,0.335722321224115,FALSE
848,"191",2016,57.7842,-51.2832,1519.221,2.401,14.5341324042336,14.5334171771537,1.92266018774545,0.228808975987715,FALSE
849,"191",2016,57.7842,-51.2832,1301.108,2.409,14.9681175957088,14.9677879340544,1.90215989581308,0.256886891212204,FALSE
850,"191",2016,57.7842,-51.2832,1072.297,2.331,14.1816202986261,14.1754060282356,1.93949881496958,0.153273177880224,FALSE
851,"191",2016,57.7842,-51.2832,870.887,2.294,15.5628452978661,15.5623597436457,1.87476683887207,0.175756443389321,FALSE
852,"191",2016,57.7842,-51.2832,680.155,2.313,15.7520390951702,15.751783995496,1.86622916886875,0.199604175549705,FALSE
853,"191",2016,57.7842,-51.2832,511.63,2.428,14.835221222846,14.833816253205,1.90836113810434,0.270024546792217,FALSE
854,"191",2016,57.7842,-51.2832,360.777,2.488,14.9992654606902,14.9991800620562,1.9007122941281,0.344906849468276,FALSE
855,"191",2016,57.7842,-51.2832,221.765,2.648,15.7919914996692,15.7915515400966,1.86442953753706,0.61398266964438,FALSE
856,"191",2016,57.7842,-51.2832,100.483,2.67,15.4884217444723,15.4880313930538,1.87815270219811,0.627022143036155,FALSE
857,"191",2016,57.7842,-51.2832,51.389,2.915,16.3723785030768,16.3715890396691,1.83874440319487,1.15832610965437,FALSE
858,"191",2016,57.7842,-51.2832,24.807,2.984,16.7329177740188,16.7326029140722,1.82316565542124,1.34753637555359,FALSE
859,"191",2016,57.7842,-51.2832,3.529,3.159,17.0798344202087,17.0707000626682,1.80815441175033,1.82478380329359,FALSE
860,"196",2016,57.5892,-51.5655,1920.043,1.253,23.6375042178992,13.1767714207901,1.25299999745237,6.49042594970782e-18,TRUE
861,"196",2016,57.5892,-51.5655,1781.355,1.429,21.2955924986511,14.0547336057179,1.42899999930209,4.87080160780815e-19,TRUE
862,"196",2016,57.5892,-51.5655,1500.588,2.143,15.338788344523,15.3381705519535,1.88498580890059,0.0665713228086829,FALSE
863,"196",2016,57.5892,-51.5655,1359.391,2.136,15.2418676308584,15.2408929982568,1.88943287286203,0.0607953481850715,FALSE
864,"196",2016,57.5892,-51.5655,1221.934,2.075,14.3283485037933,14.3274532431118,1.93254194959063,0.0202942961264385,FALSE
865,"196",2016,57.5892,-51.5655,1081.094,2.166,15.7355738188263,15.7346371215359,1.86694961801708,0.0894311309641305,FALSE
866,"196",2016,57.5892,-51.5655,940.912,2.239,15.3094734452289,15.3094536694241,1.88634938266239,0.124362457908598,FALSE
867,"196",2016,57.5892,-51.5655,799.107,2.367,14.3717280941908,14.3712039278104,1.93045994389156,0.190567220587158,FALSE
868,"196",2016,57.5892,-51.5655,671.67,2.42,15.0047260514561,15.0042218310666,1.90044513523274,0.26993725750333,FALSE
869,"196",2016,57.5892,-51.5655,539.972,2.314,15.8051595268293,15.8047522893999,1.86383990937902,0.202644107187887,FALSE
870,"196",2016,57.5892,-51.5655,410.978,2.604,15.5721280895281,15.5717173953998,1.87434794441058,0.53239212222587,FALSE
871,"196",2016,57.5892,-51.5655,281.386,2.624,15.7863536032609,15.7855012172769,1.86467041242835,0.576581422561732,FALSE
872,"196",2016,57.5892,-51.5655,150.449,2.727,15.9185828002462,15.9183444117673,1.8587735176924,0.753817224580228,FALSE
873,"203",2016,57.377,-51.7902,3589.97,1.858,15.2582053990062,14.2201954355733,1.85799999897785,1.04478183491619e-18,TRUE
874,"203",2016,57.377,-51.7902,3500.083,1.888,14.8835528816952,14.2706041822077,1.88799994128873,3.44701372836736e-15,TRUE
875,"203",2016,57.377,-51.7902,3411.621,1.611,18.519248483789,13.8861759168283,1.61099999838309,2.61438410874362e-18,TRUE
876,"203",2016,57.377,-51.7902,3299.363,1.291,23.1258828517899,13.3760632039807,1.29099999338115,4.38092035591088e-17,TRUE
877,"203",2016,57.377,-51.7902,3178.661,1.183,24.5863703065223,12.7902949907249,1.18299999917185,6.85840501967751e-19,TRUE
878,"203",2016,57.377,-51.7902,3040.711,1.111,25.569417621014,12.3627593348456,1.11099999934766,4.25545105614377e-19,TRUE
879,"203",2016,57.377,-51.7902,2879.604,1.148,25.0634513200201,12.5865202985538,1.14799999930702,4.80225136521026e-19,TRUE
880,"203",2016,57.377,-51.7902,2690.305,1.025,26.7506305916772,11.8068810700561,1.02500001455325,2.11796986827966e-16,TRUE
881,"203",2016,57.377,-51.7902,2479.723,1.003,27.0536968299267,11.656175884137,1.00300000569819,3.24694189734946e-17,TRUE
882,"203",2016,57.377,-51.7902,2251.123,1.106,25.6379072818384,12.3318364381216,1.10599999935012,4.22345651992095e-19,TRUE
883,"203",2016,57.377,-51.7902,2009.143,2.157,15.5026371349304,15.5024362546786,1.87751112052232,0.0781140337516874,FALSE
884,"203",2016,57.377,-51.7902,1770.529,2.335,14.2445718705288,14.244001284668,1.93660704550462,0.158716946191556,FALSE
885,"203",2016,57.377,-51.7902,1530.85,2.34,14.2609673598618,14.2525984217457,1.93558093112124,0.163554783272766,FALSE
886,"203",2016,57.377,-51.7902,1290.543,2.473,15.1313680801288,15.1294995360259,1.89451507416657,0.334644809416508,FALSE
887,"203",2016,57.377,-51.7902,1069.599,2.554,15.3127610348807,15.3122923742939,1.88618512574682,0.445976706273792,FALSE
888,"203",2016,57.377,-51.7902,868.209,2.52,15.1406040317537,15.1355340492854,1.89399267345389,0.391885172889409,FALSE
889,"203",2016,57.377,-51.7902,681.046,2.537,15.2236707928316,15.2169670557298,1.89010347794382,0.418475110248385,FALSE
890,"203",2016,57.377,-51.7902,513.928,2.51,15.0610936441234,15.0608321543247,1.89782610401866,0.374756878920973,FALSE
891,"203",2016,57.377,-51.7902,360.85,2.521,15.0921769952593,15.0914260307861,1.89636668373407,0.390166779789369,FALSE
892,"203",2016,57.377,-51.7902,223.044,2.521,15.0921769952593,15.0914260307861,1.89636668373407,0.390166779789369,FALSE
893,"203",2016,57.377,-51.7902,100.464,2.632,15.7168456793165,15.7167113877319,1.86781611835697,0.583977004963008,FALSE
894,"203",2016,57.377,-51.7902,51.314,2.911,16.550010554785,16.5497554721707,1.83104434581212,1.16630421501237,FALSE
895,"203",2016,57.377,-51.7902,23.96,2.992,16.7530163930667,16.752588570844,1.82230096353767,1.3681958359009,FALSE
896,"203",2016,57.377,-51.7902,2.334,3.16,17.0699752823947,17.0698765272483,1.80883336556844,1.8256512740011,FALSE
897,"219",2016,55.9778,-53.2537,3251.379,2.02,15.1982492362344,15.1982326383952,1.89147424293415,0.0165188702293499,FALSE
898,"219",2016,55.9778,-53.2537,3168.89,1.69,17.4641832480706,14.0301600936729,1.68999999813969,3.46076120825227e-18,TRUE
899,"219",2016,55.9778,-53.2537,2761.312,0.98,27.3708163228934,11.4947684488337,0.980000001663983,2.76883889316314e-18,TRUE
900,"219",2016,55.9778,-53.2537,2311.853,1.286,23.1930443356166,13.3502216681674,1.2859999941933,3.37177289011222e-17,TRUE
901,"219",2016,55.9778,-53.2537,2010.708,0.997,27.1363987986795,11.6144517900049,0.997000004277924,1.83006338783544e-17,TRUE
902,"219",2016,55.9778,-53.2537,1732.001,1.159,24.9133411228199,12.6513683026712,1.15899999928046,5.17736828734511e-19,TRUE
903,"219",2016,55.9778,-53.2537,1541.348,2.246,15.3284894744312,15.328479460697,1.88547633583209,0.129977312425054,FALSE
904,"219",2016,55.9778,-53.2537,1319.987,2.429,14.6522217240897,14.6516155803099,1.91703692897848,0.262106186089787,FALSE
905,"219",2016,55.9778,-53.2537,1190.599,2.505,14.9545332467383,14.9537577599542,1.90278193985659,0.36266659196289,FALSE
906,"219",2016,55.9778,-53.2537,1058.877,2.468,15.1062670155336,15.1057847228735,1.89572033430094,0.327504015772627,FALSE
907,"219",2016,55.9778,-53.2537,539.989,2.495,15.2643800962875,15.2639010237837,1.88841014580744,0.367951251209348,FALSE
908,"219",2016,55.9778,-53.2537,399.159,2.448,15.0157986151916,15.015198616979,1.89992584628983,0.300385277965121,FALSE
909,"219",2016,55.9778,-53.2537,280.999,2.619,15.8676668898894,15.8670208733588,1.86103462384154,0.574511511455031,FALSE
910,"219",2016,55.9778,-53.2537,150.151,2.91,16.4560753257123,16.4520810869465,1.83500713447084,1.15560966093859,FALSE
911,"223",2016,55.6703,-53.572,2983.625,1.861,15.2205389881095,14.2251857904685,1.86099999896841,1.06417639817012e-18,TRUE
912,"223",2016,55.6703,-53.572,2878.151,1.752,16.644374222129,14.1199358962402,1.75199999753463,6.07805863796918e-18,TRUE
913,"223",2016,55.6703,-53.572,2799.628,1.652,17.9688961336056,13.9620007037039,1.65199999820167,3.23398015299009e-18,TRUE
914,"223",2016,55.6703,-53.572,2690.303,1.481,20.6207488760207,14.3009936876577,1.48099999924373,5.71949253219668e-19,TRUE
915,"223",2016,55.6703,-53.572,2558.296,1.092,25.829813867635,12.2443611050365,1.09199999935522,4.15738394244975e-19,TRUE
916,"223",2016,55.6703,-53.572,2421.43,1.094,25.8023867205886,12.2569386127258,1.09399999935462,4.16515881066913e-19,TRUE
917,"223",2016,55.6703,-53.572,2269.011,1.204,24.3009218992361,12.9090739854457,1.20399999897141,1.05798754863094e-18,TRUE
918,"223",2016,55.6703,-53.572,2109.978,1.154,24.9815543227582,12.6219849230242,1.15399999929381,4.98704309560334e-19,TRUE
919,"223",2016,55.6703,-53.572,1939.29,1.263,23.5026075509076,13.2298803349063,1.26299999676413,1.0470864822031e-17,TRUE
920,"223",2016,55.6703,-53.572,1759.724,1.37,22.0720114506555,13.7713315444325,1.36999999932219,4.59430952342187e-19,TRUE
921,"223",2016,55.6703,-53.572,1569.912,1.404,21.6233100584016,13.9354789466721,1.4039999993127,4.72386166280509e-19,TRUE
922,"223",2016,55.6703,-53.572,1382.352,2.142,15.5518250483536,15.5516178513762,1.87527518001228,0.0711421295974793,FALSE
923,"223",2016,55.6703,-53.572,1181.445,2.351,14.3222804950737,14.3214471229415,1.93283692997774,0.174860353130441,FALSE
924,"223",2016,55.6703,-53.572,990.77,2.169,15.7218146034798,15.6525924617989,1.8655634588571,0.0920737345007684,FALSE
925,"223",2016,55.6703,-53.572,811.225,2.48,14.8523671050789,14.8507719689683,1.90754900198428,0.327700145129193,FALSE
926,"223",2016,55.6703,-53.572,639.78,2.441,14.6918466764794,14.6909553526267,1.91514816361477,0.276520153829714,FALSE
927,"223",2016,55.6703,-53.572,492.401,2.611,15.6196201292498,15.6187943308714,1.87218439210914,0.545848502463144,FALSE
928,"223",2016,55.6703,-53.572,348.73,2.605,15.6654632173264,15.6649956460984,1.87012302650855,0.540044166167955,FALSE
929,"223",2016,55.6703,-53.572,220.693,2.684,15.9580958701172,15.9528680626273,1.85686714823977,0.684148754461004,FALSE
930,"223",2016,55.6703,-53.572,100.564,2.81,16.306942055178,16.3058877667545,1.84159553551008,0.937807206844014,FALSE
931,"223",2016,55.6703,-53.572,49.251,2.986,16.7385175928929,16.7377880470814,1.82291347876061,1.35277025588875,FALSE
932,"223",2016,55.6703,-53.572,19.329,3.149,16.9963710573986,16.9882781211002,1.81171243012243,1.78833804454907,FALSE
933,"223",2016,55.6703,-53.572,1.914,3.412,17.5470421226534,17.538076716298,1.78866291979078,2.6352232759822,FALSE
934,"230",2016,55.1138,-54.1403,931.682,2.472,15.0898329235812,15.0864873699502,1.89639910611697,0.33131638903894,FALSE
935,"230",2016,55.1138,-54.1403,861.175,2.485,15.0526566263944,15.0454501388963,1.89801397548337,0.34455259297784,FALSE
936,"230",2016,55.1138,-54.1403,791.643,2.409,14.9681175957088,14.9677879340544,1.90215989581308,0.256886891212204,FALSE
937,"230",2016,55.1138,-54.1403,701.74,2.533,15.3937026464779,15.3933700180267,1.88247813241423,0.42317870020728,FALSE
938,"230",2016,55.1138,-54.1403,593.369,2.587,15.5147828129839,15.5139939400986,1.87694126930024,0.504183401042957,FALSE
939,"230",2016,55.1138,-54.1403,469.805,2.534,15.2049201477148,15.1998674640572,1.89101774862994,0.413426175576909,FALSE
940,"230",2016,55.1138,-54.1403,359.673,2.674,15.5911168537386,15.5905452457872,1.87348243286989,0.640828375283911,FALSE
941,"230",2016,55.1138,-54.1403,260.192,2.721,15.8989702922526,15.8979781947587,1.85962631802691,0.741964619995877,FALSE
942,"230",2016,55.1138,-54.1403,101.715,3.216,17.1808453582362,17.1800959810077,1.80414723475185,1.99332823073884,FALSE
943,"230",2016,55.1138,-54.1403,50.052,3.452,17.4737328028199,17.4724545531605,1.79191740970275,2.75587420660803,FALSE
944,"230",2016,55.1138,-54.1403,30.599,3.476,17.5922354588785,17.5916574985819,1.78704245573259,2.8525775863378,FALSE
945,"230",2016,55.1138,-54.1403,10.556,3.698,17.7041560325052,17.7021474970718,1.78240200193152,3.66951569020397,FALSE
946,"230",2016,55.1138,-54.1403,2.517,3.817,17.5738133725052,17.5667135584645,1.78761256588554,4.11841335774167,FALSE
947,"231",2016,54.957,-54.2975,352.964,2.754,16.0047003308793,16.0042644527812,1.85493595760735,0.808316152323412,FALSE
948,"231",2016,54.957,-54.2975,251.014,3.135,16.970658617258,16.9671984000946,1.81293690303741,1.74785083235033,FALSE
949,"231",2016,54.957,-54.2975,199.665,3.167,17.0148828560139,17.0129149893917,1.81110713388297,1.83844546438704,FALSE
950,"231",2016,54.957,-54.2975,151.451,3.181,17.1228441545681,17.1050223759615,1.80608913591433,1.89037988418081,FALSE
951,"231",2016,54.957,-54.2975,100.802,3.293,17.3289315974336,17.328483371082,1.79795954969192,2.23514594805738,FALSE
952,"231",2016,54.957,-54.2975,49.894,3.322,17.3980764764321,17.3942661434649,1.79498319045322,2.33178033663843,FALSE
953,"231",2016,54.957,-54.2975,20.48,3.418,17.5736581481835,17.5714991628483,1.78776226235474,2.65767508124273,FALSE
954,"231",2016,54.957,-54.2975,3.428,3.687,17.7030026768738,17.7021424545742,1.78248254676551,3.62718672967478,FALSE
955,"237",2016,54.7528,-54.479,229.303,3.095,16.8440136855094,16.8427772790808,1.81838759674114,1.62973922815435,FALSE
956,"237",2016,54.7528,-54.479,199.68,3.432,17.5690587148292,17.565679945062,1.78791654903126,2.70301039374927,FALSE
957,"237",2016,54.7528,-54.479,151.279,3.385,17.4904723181701,17.4902194293572,1.79125404656281,2.54002616409742,FALSE
958,"237",2016,54.7528,-54.479,49.83,3.41,17.4917420325712,17.4880781221067,1.79110251421586,2.62082906947823,FALSE
959,"237",2016,54.7528,-54.479,4.19,3.649,17.6731532481078,17.6638761390919,1.78346292746459,3.48022856900399,FALSE
960,"241",2016,55.0275,-54.2055,597.568,2.567,15.3671718660725,15.3668906711854,1.88369437576534,0.466906576110717,FALSE
961,"241",2016,55.0275,-54.2055,449.747,2.666,15.6214096894298,15.6206636049929,1.87210576638464,0.630268054167719,FALSE
962,"241",2016,55.0275,-54.2055,388.291,2.718,15.7114265770854,15.7112536792997,1.86805904158939,0.722399632783947,FALSE
963,"241",2016,55.0275,-54.2055,331.217,2.675,15.934601164588,15.9299916805669,1.85793142135637,0.667601062206722,FALSE
964,"241",2016,55.0275,-54.2055,289.233,2.528,15.3767694006518,15.3762393164437,1.88324743854864,0.415705865498096,FALSE
965,"241",2016,55.0275,-54.2055,249.32,2.961,16.6763849226497,16.6761038803806,1.825593953554,1.28914689030614,FALSE
966,"241",2016,55.0275,-54.2055,200.039,3.021,16.8290340965135,16.8230487371872,1.81888834290221,1.44507243613039,FALSE
967,"241",2016,55.0275,-54.2055,149.888,3.269,17.2898818059454,17.2892427711957,1.79958385416212,2.15918380964905,FALSE
968,"241",2016,55.0275,-54.2055,98.869,3.405,17.4793340669703,17.4789995233454,1.79171281028262,2.60269555650621,FALSE
969,"241",2016,55.0275,-54.2055,49.324,3.3,17.292069368777,17.2916471821759,1.7994987733523,2.25150393117126,FALSE
970,"241",2016,55.0275,-54.2055,9.434,3.542,17.7351099421241,17.6946017924685,1.78001856531107,3.10457857618846,FALSE
971,"45",2018,56.1147,-53.1142,3371.489,1.964690875,16.3159633941982,14.5402711488417,1.96469085999819,2.25054383715589e-16,TRUE
972,"45",2018,56.1147,-53.1142,3307.525,1.902486791,17.0782538382627,14.495052524805,1.90248678992763,1.14997640139018e-18,TRUE
973,"45",2018,56.1147,-53.1142,3231.419,1.730308134,19.1544575068335,14.1268911323449,1.73030813115547,8.09134429144031e-18,TRUE
974,"45",2018,56.1147,-53.1142,3126.027,1.488623536,22.3514001091993,13.724761770493,1.4886235351398,7.39943505397059e-19,TRUE
975,"45",2018,56.1147,-53.1142,3004.494,1.413420999,23.2794432855192,13.3375614067,1.41342096644046,1.06012368533357e-15,TRUE
976,"45",2018,56.1147,-53.1142,2860.427,1.17669497,26.2984407081195,11.9754173667584,1.17669496929446,4.97782718332996e-19,TRUE
977,"45",2018,56.1147,-53.1142,2700.219,1.312764903,24.5474332393316,12.7890904928673,1.3127649012541,3.04817488169128e-18,TRUE
978,"45",2018,56.1147,-53.1142,2519.577,1.252237891,25.3215144629337,12.4380956857894,1.25223789018727,6.60534916313096e-19,TRUE
979,"45",2018,56.1147,-53.1142,2319.368,1.268613501,25.111296810451,12.5347384174296,1.2686135000935,8.21749471175271e-19,TRUE
980,"45",2018,56.1147,-53.1142,2102.367,1.227873546,25.6353300615952,12.2919342259712,1.2278735452539,5.56664652700991e-19,TRUE
981,"45",2018,56.1147,-53.1142,1881.483,1.792802771,18.3952106727532,14.2771390251593,1.79280276875052,5.06018295725188e-18,TRUE
982,"45",2018,56.1147,-53.1142,1600.527,2.413824529,15.6832709628025,15.6831829081819,2.052334591097,0.130674975205113,FALSE
983,"45",2018,56.1147,-53.1142,1400.285,2.52864201,15.1896923893762,15.1894822242448,2.07672233502686,0.204231392627825,FALSE
984,"45",2018,56.1147,-53.1142,1181.153,2.544358995,15.3648723414589,15.3646719790391,2.06800094524823,0.226916991563314,FALSE
985,"45",2018,56.1147,-53.1142,964.619,2.523698741,15.2523822916918,15.2520453296581,2.07358893144105,0.202598840661193,FALSE
986,"45",2018,56.1147,-53.1142,758.28,2.593422107,15.5282740311944,15.519902125693,2.05967253199105,0.284888608822237,FALSE
987,"45",2018,56.1147,-53.1142,580.411,2.640072292,15.7982442798727,15.7898709483906,2.04647194751336,0.352361368974661,FALSE
988,"45",2018,56.1147,-53.1142,431.394,2.826039014,16.6898654983701,16.6896949012258,2.00428484125098,0.675279920430424,FALSE
989,"45",2018,56.1147,-53.1142,310.793,2.792619261,16.4819081483077,16.4818072227049,2.01403244544316,0.606197429358942,FALSE
990,"45",2018,56.1147,-53.1142,200.985,3.02420164,17.3132492883197,17.0614299175739,1.96766627487092,1.11626697776844,FALSE
991,"45",2018,56.1147,-53.1142,99.113,2.908129217,17.0171930321469,17.0119416784762,1.98897024248666,0.844853220428421,FALSE
992,"45",2018,56.1147,-53.1142,50.196,3.199408963,17.7141129473417,17.7119437856162,1.95753348211079,1.54225471003381,FALSE
993,"45",2018,56.1147,-53.1142,25.125,3.171117478,17.6224265035358,17.6173738508854,1.96153568168943,1.46308812196592,FALSE
994,"45",2018,56.1147,-53.1142,3.004,3.154322767,17.650657444228,17.6474658443535,1.96033222332153,1.42561341839362,FALSE
995,"51",2018,55.8357,-53.3972,2989.748,1.567964554,21.3963087209656,14.1247243986619,1.56796455283061,1.36748368646649e-18,TRUE
996,"51",2018,55.8357,-53.3972,2875.467,1.337461047,24.2339731739561,12.9275354202039,1.33746104377058,1.04291209688409e-17,TRUE
997,"51",2018,55.8357,-53.3972,2740.493,1.349542561,24.0811572706923,12.9943010288745,1.34954255643981,2.07952923644024e-17,TRUE
998,"51",2018,55.8357,-53.3972,2588.112,1.174397079,26.3283351380145,11.9608972293048,1.17439707829519,4.96756493399384e-19,TRUE
999,"51",2018,55.8357,-53.3972,2428.389,1.156706246,26.5588228701424,11.8482049538433,1.15670630228212,3.16767739012188e-15,TRUE
1000,"51",2018,55.8357,-53.3972,2229.649,1.092437577,27.4010634861113,11.4250091330605,1.09243758116204,1.73225662541141e-17,TRUE
1001,"51",2018,55.8357,-53.3972,1981.29,1.177246579,26.2912660667441,11.9788989220008,1.17724657829428,4.98038421465975e-19,TRUE
1002,"51",2018,55.8357,-53.3972,1649.176,2.389855904,15.4202590555875,15.4193938567811,2.06523736056936,0.105377198739033,FALSE
1003,"51",2018,55.8357,-53.3972,1519.548,2.48254355,15.1412716853519,15.140635337409,2.07913236459773,0.162740584507666,FALSE
1004,"51",2018,55.8357,-53.3972,1290.789,2.540480389,15.3161981533389,15.3160374581502,2.07041833624639,0.220958333438936,FALSE
1005,"51",2018,55.8357,-53.3972,1059.729,2.59362674,15.5621617050301,15.5532255380265,2.0579886302807,0.28690818458367,FALSE
1006,"51",2018,55.8357,-53.3972,830.152,2.501846686,15.0867770019622,15.0863913736605,2.08187434039971,0.176376771069013,FALSE
1007,"51",2018,55.8357,-53.3972,613.751,2.53769963,15.0025462719634,14.9939898824627,2.08585707312862,0.204161696200066,FALSE
1008,"51",2018,55.8357,-53.3972,430.407,2.881820969,16.9132371958171,16.9057996105018,1.99368997607564,0.788776660592804,FALSE
1009,"51",2018,55.8357,-53.3972,311.375,2.769932649,17.1192787372351,16.2029314868786,1.95526070054126,0.663690383605563,FALSE
1010,"51",2018,55.8357,-53.3972,202.779,2.81575018,16.364764506752,16.3641636480895,2.0195471379992,0.633939284091327,FALSE
1011,"51",2018,55.8357,-53.3972,97.249,2.888087463,16.9343673157123,16.9335179451607,1.99292243498799,0.801320427375741,FALSE
1012,"51",2018,55.8357,-53.3972,50.983,2.984605591,17.0482214077569,17.0477263343306,1.98769513451379,0.993830458251548,FALSE
1013,"51",2018,55.8357,-53.3972,26.348,2.98054531,16.975448641641,16.9735215266968,1.99099521433534,0.979209391829947,FALSE
1014,"51",2018,55.8357,-53.3972,4.858,3.256867434,17.943686977661,17.9391693022598,1.94728384908583,1.71500916587666,FALSE
1015,"54",2018,55.6103,-53.6277,2938.599,1.878926277,17.3592328026221,14.4518360965675,1.8789262757307,1.61111064873282e-18,TRUE
1016,"54",2018,55.6103,-53.6277,2879.253,1.896371052,17.1511168204256,14.4840561159257,1.89637105088227,1.24932660148422e-18,TRUE
1017,"54",2018,55.6103,-53.6277,2800.45,1.648021323,20.4645101780145,14.5364908498229,1.64802132020044,7.8375357301131e-18,TRUE
1018,"54",2018,55.6103,-53.6277,2688.38,1.558838584,21.5046790094315,14.0786367778368,1.55883858290421,1.20075259231843e-18,TRUE
1019,"54",2018,55.6103,-53.6277,2559.313,1.249516562,25.3565039979393,12.421912046481,1.24951656119803,6.43163433657329e-19,TRUE
1020,"54",2018,55.6103,-53.6277,2419.799,1.359435333,23.9562943508667,13.0485134513617,1.35943532687086,3.75663881143804e-17,TRUE
1021,"54",2018,55.6103,-53.6277,2270.174,1.430515587,23.0668482268701,13.4269242302396,1.43051553249747,2.970525732864e-15,TRUE
1022,"54",2018,55.6103,-53.6277,2110.69,1.399355069,23.4550228967539,13.2632967977881,1.39935504788329,4.45915401019161e-16,TRUE
1023,"54",2018,55.6103,-53.6277,1941.972,1.396908068,23.4856256329754,13.2503055945896,1.39690804842718,3.83095110140005e-16,TRUE
1024,"54",2018,55.6103,-53.6277,1761.372,1.622686938,20.7556447916783,14.4043936101847,1.62268693594058,4.24120328762799e-18,TRUE
1025,"54",2018,55.6103,-53.6277,1569.388,2.502471021,15.2821232799504,15.2814338609572,2.07209642129294,0.185222296073014,FALSE
1026,"54",2018,55.6103,-53.6277,1380.736,2.428365535,15.8347236477572,15.8243212519161,2.04463694467684,0.147247631031398,FALSE
1027,"54",2018,55.6103,-53.6277,1181.191,2.5701443,15.0178241625135,15.0173320526247,2.08534057126915,0.235034655391338,FALSE
1028,"54",2018,55.6103,-53.6277,989.725,2.590851261,15.4455605121986,15.4452248080256,2.06400353177776,0.277568529786626,FALSE
1029,"54",2018,55.6103,-53.6277,810.128,2.578468436,15.3767319746878,15.3749065602799,2.06736188862293,0.261229902771714,FALSE
1030,"54",2018,55.6103,-53.6277,637.776,2.574296116,15.4828998446897,15.4825833258725,2.06216136605146,0.262282002104852,FALSE
1031,"54",2018,55.6103,-53.6277,489.619,2.625529092,15.6923078900293,15.6918673123048,2.05188212021324,0.329070848240115,FALSE
1032,"54",2018,55.6103,-53.6277,346.998,2.93164948,16.8454401395719,16.8446389637996,1.99703426423491,0.873505601539627,FALSE
1033,"54",2018,55.6103,-53.6277,221.498,2.999819954,17.1087172050561,17.1084046535959,1.98492834773458,1.030004972468,FALSE
1034,"54",2018,55.6103,-53.6277,98.897,3.108313685,17.5156146025696,17.5151549709357,1.96646932904388,1.30380853322884,FALSE
1035,"54",2018,55.6103,-53.6277,49.868,3.175892784,17.6469360552247,17.6463098269973,1.9605791840384,1.47698714625161,FALSE
1036,"54",2018,55.6103,-53.6277,28.478,3.246878765,17.847951652681,17.8456835520145,1.95158547461249,1.67778470812291,FALSE
1037,"54",2018,55.6103,-53.6277,9.181,3.167621032,17.6821777932391,17.6811351745796,1.95899262343364,1.46078262999366,FALSE
1038,"54",2018,55.6103,-53.6277,1.883,3.130315248,17.4884470348723,17.4881703330569,1.96769683464606,1.35168157506963,FALSE
1039,"58",2018,55.2623,-53.9895,2075.606,1.247967031,25.3764340857323,12.4126812326713,1.24796703020368,6.34123613216321e-19,TRUE
1040,"58",2018,55.2623,-53.9895,1988.168,1.218107626,25.7614599785057,12.2325397186374,1.21810762526778,5.36143618358155e-19,TRUE
1041,"58",2018,55.2623,-53.9895,1900.553,1.449418698,22.8328297119918,13.524713862532,1.44941869717766,6.76246319398439e-19,TRUE
1042,"58",2018,55.2623,-53.9895,1811.374,1.320264063,24.4520976601391,12.8314140840935,1.32026406092904,4.28886457566203e-18,TRUE
1043,"58",2018,55.2623,-53.9895,1691.685,1.458839812,22.7166401433786,13.5730931505949,1.45883981117012,6.88702193199278e-19,TRUE
1044,"58",2018,55.2623,-53.9895,1552.33,1.799783124,18.3107345374556,14.2924608533379,1.79978312182793,4.71790868609599e-18,TRUE
1045,"58",2018,55.2623,-53.9895,1391.864,1.883374996,17.3061194408396,14.4601736750181,1.88337499477257,1.50657279965012e-18,TRUE
1046,"58",2018,55.2623,-53.9895,1210.453,2.368907987,15.1063998960183,15.1058951184154,2.08088526771373,0.0829570868250587,FALSE
1047,"58",2018,55.2623,-53.9895,1029.089,2.36442779,15.0782794551269,15.0768606009587,2.08226878889121,0.0796137019067076,FALSE
1048,"58",2018,55.2623,-53.9895,850.288,2.314442017,14.401704387176,14.4008843857542,2.11684281111735,0.039045446165454,FALSE
1049,"58",2018,55.2623,-53.9895,670.738,2.541255248,14.77041201469,14.7703739918288,2.09789799767486,0.196565651415873,FALSE
1050,"58",2018,55.2623,-53.9895,510.083,2.728181132,16.3093272370309,16.3089096627124,2.02218050379672,0.498436887023422,FALSE
1051,"58",2018,55.2623,-53.9895,370.106,2.719675355,16.1350157183409,16.1349986912142,2.03049872022448,0.474964433920506,FALSE
1052,"58",2018,55.2623,-53.9895,250.176,2.667550565,15.9017167851205,15.9009310343461,2.04169552648607,0.391694529233273,FALSE
1053,"58",2018,55.2623,-53.9895,98.465,2.765945846,16.4554928306179,16.4552783014659,2.01527337202605,0.563509163182168,FALSE
1054,"58",2018,55.2623,-53.9895,50.144,2.885176978,16.9216351903431,16.9206804025469,1.9935065944431,0.795076072912502,FALSE
1055,"58",2018,55.2623,-53.9895,20.464,2.802517497,16.5952268326608,16.5945919427748,2.00869378329624,0.630156088438433,FALSE
1056,"58",2018,55.2623,-53.9895,1.969,2.970266418,16.989911656011,16.9887147187161,1.9903525167084,0.960231253944518,FALSE
1057,"65",2018,55.1172,-54.075,1179.677,2.397268146,15.5440483789684,15.5427810918106,2.05912054801544,0.114343798022727,FALSE
1058,"65",2018,55.1172,-54.075,901.311,2.598069181,15.5727412459402,15.5723093781453,2.05773704537583,0.291958816788172,FALSE
1059,"65",2018,55.1172,-54.075,830.297,2.713917601,16.1571715692528,16.1569157322577,2.02943181622034,0.468520789565434,FALSE
1060,"65",2018,55.1172,-54.075,719.126,2.700487247,16.0496353618738,16.0492682346763,2.03458023584702,0.443432147502694,FALSE
1061,"65",2018,55.1172,-54.075,610.66,2.809822913,16.5621803931283,16.5621090875939,2.01026068719629,0.639299752932177,FALSE
1062,"65",2018,55.1172,-54.075,501.057,2.738634445,16.2269762085872,16.2267313158007,2.02610152322832,0.507703164608486,FALSE
1063,"65",2018,55.1172,-54.075,401.056,2.722274133,16.1535580378346,16.1530584704072,2.02959683747046,0.479801835742123,FALSE
1064,"65",2018,55.1172,-54.075,300.486,2.691208636,16.0032569926218,16.0023514485228,2.03679308562587,0.428259712571478,FALSE
1065,"65",2018,55.1172,-54.075,200.583,2.885356835,16.6421599741643,16.6419806571164,2.00651202992707,0.772368191403671,FALSE
1066,"65",2018,55.1172,-54.075,100.756,3.041466818,17.317104515999,17.3162427668166,1.97541798216147,1.13646012039268,FALSE
1067,"65",2018,55.1172,-54.075,30.306,3.124141113,17.4775170736813,17.4692227198218,1.96793643823679,1.3368092499443,FALSE
1068,"65",2018,55.1172,-54.075,9.41,3.440979707,18.339276087539,18.3359455474426,1.93002567697422,2.28298208085114,FALSE
1069,"65",2018,55.1172,-54.075,3.216,3.508656395,18.6214621647348,18.6202879792943,1.91793680908285,2.53038880102044,FALSE
1070,"72",2018,54.9468,-54.2712,353.501,2.843948644,16.7657623666058,16.7608890647483,2.0006027596421,0.711232280663405,FALSE
1071,"72",2018,54.9468,-54.2712,249.883,3.001806618,17.0545870426736,17.0534589353277,1.98738309841319,1.02905507709089,FALSE
1072,"72",2018,54.9468,-54.2712,200.82,2.995329324,17.0376713289808,17.0292647454254,1.98793014919607,1.01485309739564,FALSE
1073,"72",2018,54.9468,-54.2712,150.662,3.02772545,17.1543858681527,17.1542817166423,1.98284688846123,1.09177120836333,FALSE
1074,"72",2018,54.9468,-54.2712,100.825,3.13701645,17.5938877374405,17.5926539656219,1.96293319650548,1.37847148613627,FALSE
1075,"72",2018,54.9468,-54.2712,50.139,3.480096649,18.4348769581511,18.4320847926029,1.92590743379961,2.41550411664521,FALSE
1076,"72",2018,54.9468,-54.2712,19.681,3.872668061,18.5316722047051,18.5144101867943,1.92128450812583,3.80789777042781,FALSE
1077,"72",2018,54.9468,-54.2712,2.357,3.908159166,18.6471078538301,18.6434974048902,1.91676303873651,3.96565853568004,FALSE
1078,"75",2018,55.422,-53.8357,2681.414,1.53269975,21.8173198664619,13.9470114124432,1.53269974904201,9.17739561749592e-19,TRUE
1079,"75",2018,55.422,-53.8357,2590.4,1.605730428,20.9524423429788,14.3169802846285,1.60573042631289,2.84633343353282e-18,TRUE
1080,"75",2018,55.422,-53.8357,2509.262,1.510982874,22.0794463573758,13.8376962774615,1.51098287310308,8.0446286638972e-19,TRUE
1081,"75",2018,55.422,-53.8357,2408.578,1.410174264,23.3199201024863,13.3204804485099,1.41017423451934,8.69109361289546e-16,TRUE
1082,"75",2018,55.422,-53.8357,2288.674,1.346707376,24.1169867468773,12.9786887208433,1.34670737180228,1.76208210829912e-17,TRUE
1083,"75",2018,55.422,-53.8357,2149.388,1.228649231,25.6253202012604,12.2966318151049,1.22864923025257,5.58646802117684e-19,TRUE
1084,"75",2018,55.422,-53.8357,1991.349,1.304962471,24.6467615931124,12.7447885054282,1.30496246951234,2.21314283176686e-18,TRUE
1085,"75",2018,55.422,-53.8357,1809.734,1.227197273,25.6440580622771,12.2878362879558,1.22719727225503,5.54984067639448e-19,TRUE
1086,"75",2018,55.422,-53.8357,1610.689,1.589296048,21.1446672175777,14.2329543626317,1.58929604658615,1.99897098544294e-18,TRUE
1087,"75",2018,55.422,-53.8357,1409.015,2.025434226,15.6048894007681,14.6408836390684,2.02543422301297,8.92235724786144e-18,TRUE
1088,"75",2018,55.422,-53.8357,1208.824,2.192187425,14.3955861652958,14.3950545154406,2.11716947032645,0.00562769352340258,FALSE
1089,"75",2018,55.422,-53.8357,1028.934,2.390322174,15.3863186288065,15.3855721800552,2.06692091978698,0.104588371226553,FALSE
1090,"75",2018,55.422,-53.8357,850.451,2.399907226,14.9122628077648,14.9099691866617,2.09061756061774,0.0956600971122723,FALSE
1091,"75",2018,55.422,-53.8357,669.479,2.61530296,15.6514015283005,15.6506851577785,2.05387276117536,0.31520386815227,FALSE
1092,"75",2018,55.422,-53.8357,510.161,2.723893368,16.1605625339123,16.1597825325303,2.02925324666144,0.482524898173255,FALSE
1093,"75",2018,55.422,-53.8357,369.536,2.788652217,16.542549324501,16.5418940609476,2.01116363831344,0.604488489988044,FALSE
1094,"75",2018,55.422,-53.8357,249.392,2.799600703,16.5880783531764,16.5859611714652,2.00898195944166,0.625077997665768,FALSE
1095,"75",2018,55.422,-53.8357,150.123,2.95141506,17.0761912073211,16.8564357441826,1.97948602702863,0.944646045132659,FALSE
1096,"75",2018,55.422,-53.8357,99.752,2.942115405,16.8859024194315,16.88549515663,1.99517442097565,0.896697227224998,FALSE
1097,"75",2018,55.422,-53.8357,49.629,3.116491885,17.4522191598845,17.4466084181025,1.96916044542421,1.31636943223906,FALSE
1098,"75",2018,55.422,-53.8357,20.306,3.067223348,17.3955225118335,17.3916084807099,1.97177241483886,1.20001274696361,FALSE
1099,"75",2018,55.422,-53.8357,1.489,3.073693042,17.297999132661,17.2976209355154,1.97629987032691,1.20427177323473,FALSE
1100,"83",2018,56.545,-52.6807,3533.142,1.856698022,17.6250518229406,14.4089233709626,1.85669802048807,2.28594079528167e-18,TRUE
1101,"83",2018,56.545,-52.6807,3459.694,1.830944145,17.9359574384371,14.3610465633681,1.83094414328821,2.9302304727874e-18,TRUE
1102,"83",2018,56.545,-52.6807,3381.385,1.653050837,20.4071192347096,14.5629342804696,1.65305083402686,8.83954931760425e-18,TRUE
1103,"83",2018,56.545,-52.6807,3281.42,1.39068267,23.5635571981051,13.2171558077461,1.3906826538733,2.600705595225e-16,TRUE
1104,"83",2018,56.545,-52.6807,3160.484,1.16818599,26.4091892928132,11.9215149993165,1.16818598929697,4.94255037916163e-19,TRUE
1105,"83",2018,56.545,-52.6807,3031.292,1.116281528,27.0877107584377,11.5845778766456,1.11628154040953,1.53996530249189e-16,TRUE
1106,"83",2018,56.545,-52.6807,2860.116,1.014349219,28.4341342616289,10.8806192609043,1.01434921837804,3.86837328415229e-19,TRUE
1107,"83",2018,56.545,-52.6807,2659.148,1.002805484,28.5876965022049,10.7972511382865,1.0028054833427,4.32049117779295e-19,TRUE
1108,"83",2018,56.545,-52.6807,2440.439,0.993472777,28.7119966435936,10.7292987366564,0.993472776329464,4.49618920440653e-19,TRUE
1109,"83",2018,56.545,-52.6807,2212.446,1.04147015,28.0741873368308,11.0735313459828,1.04147014967799,1.0368770650635e-19,TRUE
1110,"83",2018,56.545,-52.6807,1969.804,1.052882089,27.9230879847564,11.153475236833,1.05288208901011,1.02201359774669e-22,TRUE
1111,"83",2018,56.545,-52.6807,1730.599,1.858709793,17.6009629243694,14.4128935831217,1.85870979151226,2.21336085339478e-18,TRUE
1112,"83",2018,56.545,-52.6807,1500.032,2.349522291,14.6898227406146,14.6890621249366,2.10199293874472,0.0612707802279168,FALSE
1113,"83",2018,56.545,-52.6807,1280.601,2.492990823,15.0592885742153,15.0519954081284,2.08303872959213,0.168060718889498,FALSE
1114,"83",2018,56.545,-52.6807,1069.212,2.325412746,14.5983870707586,14.5448412776499,2.10502467606596,0.0485709013692518,FALSE
1115,"83",2018,56.545,-52.6807,869.463,2.335568251,14.8649767359904,14.8646927841114,2.09307866573713,0.0588011989609585,FALSE
1116,"83",2018,56.545,-52.6807,680.985,2.324796154,14.5487890883477,14.5468872363695,2.10920138283459,0.0464811053538649,FALSE
1117,"83",2018,56.545,-52.6807,509.12,2.350894763,14.8991595401106,14.8987885339195,2.09134197185082,0.0673676513933318,FALSE
1118,"83",2018,56.545,-52.6807,360.375,2.396850415,15.4651712695266,15.4649950773684,2.06304032603091,0.111429175497551,FALSE
1119,"83",2018,56.545,-52.6807,220.607,2.610196336,15.6748284675076,15.6745394721927,2.0527407535018,0.310756726458412,FALSE
1120,"83",2018,56.545,-52.6807,99.186,2.802573692,16.5971169781825,16.5965949979679,2.00860880768061,0.630380237532304,FALSE
1121,"83",2018,56.545,-52.6807,49.388,2.917184586,16.7863578010244,16.785649210885,1.99977717752143,0.841636353131363,FALSE
1122,"83",2018,56.545,-52.6807,24.541,2.984160913,17.0066736523316,17.0063244470398,1.989608245478,0.989135008475124,FALSE
1123,"83",2018,56.545,-52.6807,3.375,2.998342402,17.0389337901921,17.0381474926742,1.98811228124215,1.02056489688642,FALSE
1124,"91",2018,56.9568,-52.239,3562.735,1.979011048,16.1477769120438,14.5645527268096,1.97901103784532,1.03117539142238e-16,TRUE
1125,"91",2018,56.9568,-52.239,3490.041,1.882912569,17.3116390631735,14.4593108884369,1.88291256776833,1.51701943795457e-18,TRUE
1126,"91",2018,56.9568,-52.239,3401.727,1.636401348,20.5976159326498,14.4756752557618,1.63640134556771,5.91604400076594e-18,TRUE
1127,"91",2018,56.9568,-52.239,3289.529,1.440655609,22.9411713913769,13.4795062689811,1.4406556081842,6.65532691914214e-19,TRUE
1128,"91",2018,56.9568,-52.239,3169.719,1.134697609,26.8463930531736,11.7057431466357,1.13469763465917,6.58392954374077e-16,TRUE
1129,"91",2018,56.9568,-52.239,3030.155,1.023287495,28.3153754965739,10.9446539918519,1.02328749443106,3.23696773249958e-19,TRUE
1130,"91",2018,56.9568,-52.239,2868.951,1.090293325,27.4292923277486,11.410508974331,1.0902933287226,1.38577557643844e-17,TRUE
1131,"91",2018,56.9568,-52.239,2680.893,0.966959059,29.0658370393203,10.533541855462,0.966959058320616,4.61562007219634e-19,TRUE
1132,"91",2018,56.9568,-52.239,2469.502,1.064621955,27.7678742011147,11.2349624763523,1.06462195561,3.72102770524721e-19,TRUE
1133,"91",2018,56.9568,-52.239,2249.803,1.070806669,27.6861995923353,11.2775851199823,1.07080667008235,1.17147428536588e-18,TRUE
1134,"91",2018,56.9568,-52.239,1770.832,2.383439396,15.6135683715883,15.2199588752606,2.04328246965103,0.115706734543178,FALSE
1135,"91",2018,56.9568,-52.239,1531.175,2.430528949,16.2900259706451,15.7829936921639,2.00702183211134,0.179358278055347,FALSE
1136,"91",2018,56.9568,-52.239,1289.556,2.500691731,14.9925830991152,14.9918842387231,2.08660698469562,0.171466177121966,FALSE
1137,"91",2018,56.9568,-52.239,1070.643,2.479883594,14.9104135073173,14.907013676248,2.09067643809092,0.151482210210838,FALSE
1138,"91",2018,56.9568,-52.239,870.588,2.40427259,15.5701516710012,15.5651477871229,2.0577201198505,0.120098614566721,FALSE
1139,"91",2018,56.9568,-52.239,679.659,2.49196101,14.9262670039007,14.9255891249894,2.08995926585796,0.161605402293243,FALSE
1140,"91",2018,56.9568,-52.239,511.273,2.579217422,15.4670039673373,15.4664632518181,2.06293840158969,0.266544026915828,FALSE
1141,"91",2018,56.9568,-52.239,360.175,2.609763068,15.6283827209019,15.6277015404609,2.05500061073112,0.30776138399501,FALSE
1142,"91",2018,56.9568,-52.239,220.985,2.795306172,16.5701251258492,16.5697174328621,2.00987743998571,0.616898293073571,FALSE
1143,"91",2018,56.9568,-52.239,100.164,3.044720905,17.2057099797,17.2054380657068,1.98050010498578,1.13256591118291,FALSE
1144,"91",2018,56.9568,-52.239,47.73,3.161551535,17.5982631232302,17.5951030759398,1.96267665083415,1.43730098788368,FALSE
1145,"91",2018,56.9568,-52.239,27.001,3.072195233,17.366340264532,17.3636829307042,1.97313141538297,1.20794127519493,FALSE
1146,"91",2018,56.9568,-52.239,1.814,3.007493771,17.078677211465,17.0765137063683,1.98624583696767,1.0429473427653,FALSE
1147,"100",2018,57.3775,-51.7847,3581.674,1.955466384,16.4312046272538,14.5407660505778,1.9554663868824,8.30825207636621e-18,TRUE
1148,"100",2018,57.3775,-51.7847,3499.674,1.769912934,18.6726772962994,14.2248715568812,1.769912931507,6.21505799969786e-18,TRUE
1149,"100",2018,57.3775,-51.7847,3409.684,1.63031675,20.6676024509842,14.4439843416547,1.6303167477412,5.10217158354762e-18,TRUE
1150,"100",2018,57.3775,-51.7847,3298.91,1.272686327,25.0591022627927,12.5585784501302,1.2726863260599,8.83793850799497e-19,TRUE
1151,"100",2018,57.3775,-51.7847,3179.749,1.150315873,26.6422275423037,11.8071003479257,1.15031591814973,2.03849795458097e-15,TRUE
1152,"100",2018,57.3775,-51.7847,3039.978,1.084480868,27.5058532403849,11.3710775127536,1.0844808707038,7.31055284419501e-18,TRUE
1153,"100",2018,57.3775,-51.7847,2878.709,1.10447582,27.2427322554938,11.5059538977496,1.10447582743145,5.52264740165005e-17,TRUE
1154,"100",2018,57.3775,-51.7847,2689.564,1.098236662,27.3247597871006,11.4640997170918,1.09823666755154,3.08196469727055e-17,TRUE
1155,"100",2018,57.3775,-51.7847,2479.831,1.155053001,26.5803929930255,11.8375911487525,1.15505305419198,2.82938656371223e-15,TRUE
1156,"100",2018,57.3775,-51.7847,2249.717,1.078097899,27.589996727753,11.3275635923272,1.0780979008307,3.35145367891607e-18,TRUE
1157,"100",2018,57.3775,-51.7847,2009.284,1.440623946,22.9415633114496,13.4793425415673,1.44062394518422,6.65495014411445e-19,TRUE
1158,"100",2018,57.3775,-51.7847,1771.268,2.245692176,15.766165490661,15.5117094609897,2.0402493230826,0.0422067658148406,FALSE
1159,"100",2018,57.3775,-51.7847,1530.601,2.308788206,15.4131073313389,15.4128566259403,2.06561045840424,0.0591354169257462,FALSE
1160,"100",2018,57.3775,-51.7847,1290.31,2.440794688,16.0366884902211,16.0365890396675,2.03521066789702,0.164498397362892,FALSE
1161,"100",2018,57.3775,-51.7847,1070.885,2.467212433,14.809511986489,14.8092826939662,2.09589989056138,0.137873004172233,FALSE
1162,"100",2018,57.3775,-51.7847,870.632,2.436245027,15.9169921929006,15.916429895053,2.04096415989785,0.156246963897027,FALSE
1163,"100",2018,57.3775,-51.7847,678.947,2.418211741,15.716682127065,15.7136293802044,2.05061027871744,0.135130835072275,FALSE
1164,"100",2018,57.3775,-51.7847,509.794,2.467051279,14.8593585414391,14.8593210741457,2.09337167580921,0.139636445840825,FALSE
1165,"100",2018,57.3775,-51.7847,359.572,2.564214966,15.0220981325926,15.0220891961335,2.08514038865792,0.229512450655493,FALSE
1166,"100",2018,57.3775,-51.7847,220.264,2.730607138,16.1890071125006,16.1885106196737,2.02790391132971,0.493791824772831,FALSE
1167,"100",2018,57.3775,-51.7847,100.567,3.034252274,17.1703422566931,17.169516844738,1.98209563540822,1.10703359213276,FALSE
1168,"100",2018,57.3775,-51.7847,51.15,3.029555736,17.2820961479501,17.2811531090219,1.97700404525391,1.10786506169246,FALSE
1169,"100",2018,57.3775,-51.7847,23.676,3.061326814,17.3321770181907,17.3306237364948,1.97471300933269,1.18072956049357,FALSE
1170,"109",2018,57.8003,-51.3437,3672.585,1.977925023,16.1663406857613,14.5770505280026,1.97792502394309,8.89425544418949e-19,TRUE
1171,"109",2018,57.8003,-51.3437,3590.761,1.948247278,16.5095126365061,14.511868272753,1.94824725466812,5.44376830797918e-16,TRUE
1172,"109",2018,57.8003,-51.3437,3490.352,1.871070303,17.4530950003379,14.4369090886716,1.87107030165128,1.81905768368776e-18,TRUE
1173,"109",2018,57.8003,-51.3437,3379.958,1.62850429,20.688488363547,14.4345647052058,1.62850428779039,4.88238148152708e-18,TRUE
1174,"109",2018,57.8003,-51.3437,3119.509,1.235572455,25.5360339917518,12.3384296420938,1.23557245423889,5.79282107316315e-19,TRUE
1175,"109",2018,57.8003,-51.3437,2938.657,1.175535708,26.3135208595138,11.9680954734535,1.17553570729483,4.97257730074891e-19,TRUE
1176,"109",2018,57.8003,-51.3437,2740.293,1.109164436,27.1811357546687,11.5372686979355,1.10916444515943,8.38951191406005e-17,TRUE
1177,"109",2018,57.8003,-51.3437,2520.653,1.20521899,25.9282164133631,12.1534349775535,1.2052189892801,5.18250136573345e-19,TRUE
1178,"109",2018,57.8003,-51.3437,2289.579,1.51320566,22.052523089565,13.8488956976277,1.51320565909827,8.13111830329804e-19,TRUE
1179,"109",2018,57.8003,-51.3437,2039.785,2.487160049,15.0367797802599,15.024396889841,2.08401135898183,0.162528866263365,FALSE
1180,"109",2018,57.8003,-51.3437,1789.434,2.587206428,15.5317917012236,15.5312352170921,2.05974575705455,0.278214759394225,FALSE
1181,"109",2018,57.8003,-51.3437,1551.204,2.547265405,15.3417004971926,15.3414030719328,2.06914742799676,0.228596799933671,FALSE
1182,"109",2018,57.8003,-51.3437,1299.975,2.560800886,15.2832305330142,15.2823131508156,2.07203412906529,0.238892942684474,FALSE
1183,"109",2018,57.8003,-51.3437,1069.657,2.417282903,15.721725953266,15.7214882078611,2.05045303227333,0.134564154057343,FALSE
1184,"109",2018,57.8003,-51.3437,869.828,2.470844106,14.8304550631027,14.82465481886,2.09465918929313,0.141515091557757,FALSE
1185,"109",2018,57.8003,-51.3437,679.757,2.482461123,14.899615200071,14.8936070287495,2.09114154375253,0.153131013102413,FALSE
1186,"109",2018,57.8003,-51.3437,509.107,2.579914907,15.4693409501433,15.4692589417316,2.06283754069431,0.267369002745631,FALSE
1187,"109",2018,57.8003,-51.3437,361.033,2.813707959,16.6542072566462,16.6357536724405,2.00537288239618,0.653405596068107,FALSE
1188,"109",2018,57.8003,-51.3437,219.717,2.761177082,16.193345569625,16.1930629561331,2.02770364270915,0.537983286145152,FALSE
1189,"109",2018,57.8003,-51.3437,101.977,3.000521543,17.0531373291437,17.0525992191238,1.98746819947216,1.02627707683294,FALSE
1190,"109",2018,57.8003,-51.3437,49.45,3.355886076,18.0244306558146,18.0180941018456,1.94367215832403,1.99434814927772,FALSE
1191,"109",2018,57.8003,-51.3437,23.62,3.165413581,17.6110471623847,17.6025681730097,1.96193701462402,1.44835584581611,FALSE
1192,"109",2018,57.8003,-51.3437,3.595,3.220110108,17.7698905183409,17.7622358975456,1.95487917559666,1.60080931231023,FALSE
1193,"118",2018,58.2158,-50.8832,3520.207,2.004489083,15.8541757372863,14.6187938985407,2.00448908289066,1.19549644969375e-20,TRUE
1194,"118",2018,58.2158,-50.8832,3431.152,1.82717679,17.9807945690181,14.352104573653,1.82717678820782,3.21190423367134e-18,TRUE
1195,"118",2018,58.2158,-50.8832,3319.879,1.444604728,22.8923154468704,13.4999050729577,1.4446047271813,6.70272956758963e-19,TRUE
1197,"118",2018,58.2158,-50.8832,2900.862,1.196675478,26.038937763966,12.1005440437385,1.19667547728577,5.10120698823339e-19,TRUE
1198,"118",2018,58.2158,-50.8832,2709.13,1.157010157,26.5548582624083,11.8501545167591,1.15701021386711,3.23386773493487e-15,TRUE
1199,"118",2018,58.2158,-50.8832,2501.378,1.229909569,25.6090587493529,12.3042582392607,1.22990956825033,5.61998606101701e-19,TRUE
1200,"118",2018,58.2158,-50.8832,2269.295,1.37919194,23.7076804059586,13.1555855248917,1.37919192872844,1.27048152852282e-16,TRUE
1201,"118",2018,58.2158,-50.8832,2019.543,1.523509708,21.9279928406168,13.9007731245496,1.52350970707208,8.61030925034509e-19,TRUE
1202,"118",2018,58.2158,-50.8832,1771.391,2.337085933,14.7067600768187,14.7057884820153,2.10111959006169,0.0556801149996785,FALSE
1203,"118",2018,58.2158,-50.8832,1527.805,2.425897201,15.8061218721683,15.8051834291939,2.04632364620827,0.144076083497227,FALSE
1204,"118",2018,58.2158,-50.8832,1290.685,2.469965441,15.1383398749267,15.1347380748045,2.07918591923229,0.152708634632998,FALSE
1205,"118",2018,58.2158,-50.8832,1069.04,2.417234682,15.7479634956088,15.7459382121159,2.04911805687736,0.13550984969168,FALSE
1206,"118",2018,58.2158,-50.8832,870.004,2.358977805,14.997304365545,14.9963308966771,2.08636013192721,0.0743203956716228,FALSE
1207,"118",2018,58.2158,-50.8832,679.525,2.459684634,14.7378411115323,14.73781791363,2.0995607449486,0.129689215465503,FALSE
1208,"118",2018,58.2158,-50.8832,509.528,2.607685205,15.6216744125522,15.6209988517863,2.05532937831898,0.305096959268474,FALSE
1209,"118",2018,58.2158,-50.8832,360.116,2.939507447,16.7180323241958,16.7170667322268,2.00294688126709,0.877145693285953,FALSE
1210,"118",2018,58.2158,-50.8832,220.16,2.905651723,17.0051205311227,17.0049936918224,1.98968666386443,0.838991989557229,FALSE
1211,"118",2018,58.2158,-50.8832,99.67,2.801373975,16.5941223782636,16.593229599874,2.00873738996523,0.628272755935587,FALSE
1212,"118",2018,58.2158,-50.8832,49.96,2.965829276,17.1025420019152,17.0946897227218,1.9849734907882,0.962078071383449,FALSE
1213,"118",2018,58.2158,-50.8832,24.321,3.325731201,18.0681093338815,18.0610607660431,1.94173219760413,1.91545324140077,FALSE
1214,"118",2018,58.2158,-50.8832,2.581,3.362290041,18.1597423869541,18.1582007324262,1.9378941071613,2.02890377633623,FALSE
1215,"133",2018,59.4832,-49.466,3438.52,2.038737008,15.4535522615009,14.6712900400994,2.0387370074512,3.01182542694542e-19,TRUE
1216,"133",2018,59.4832,-49.466,3380.46,1.97785831,16.1613020077296,14.5626105762767,1.97785829951293,1.09978643964805e-16,TRUE
1217,"133",2018,59.4832,-49.466,3299.971,2.054667965,15.2648940370267,14.6876291238982,2.05466796342229,2.48916872632265e-18,TRUE
1218,"133",2018,59.4832,-49.466,3199.981,1.430062992,23.0724653112071,13.4245701558017,1.43006293822559,2.89168710307323e-15,TRUE
1219,"133",2018,59.4832,-49.466,3080.387,1.193222039,26.083734369376,12.0790609836183,1.19322203828766,5.07427909097943e-19,TRUE
1220,"133",2018,59.4832,-49.466,2948.779,1.162161672,26.4876819040604,11.8831284253031,1.16216173963538,4.57454480300343e-15,TRUE
1221,"133",2018,59.4832,-49.466,2790.599,1.013451112,28.4460739878561,10.874160219902,1.01345111137419,3.91636298847395e-19,TRUE
1222,"133",2018,59.4832,-49.466,2608.713,1.102307876,27.2712268181733,11.4914344526449,1.1023078827279,4.52647043415792e-17,TRUE
1223,"133",2018,59.4832,-49.466,2411.039,1.331422405,24.3104866763849,12.8939297334417,1.33142240225726,7.52261193789154e-18,TRUE
1224,"133",2018,59.4832,-49.466,2192.221,1.557958924,21.515146900504,14.0741994390469,1.55795892291049,1.18704034763312e-18,TRUE
1225,"133",2018,59.4832,-49.466,1961.526,2.068521301,15.1043111272223,14.7096034098988,2.06852129976183,1.53307487351018e-18,TRUE
1226,"133",2018,59.4832,-49.466,1729.988,2.607940825,15.6234919043234,15.6086272935917,2.05479307861255,0.305972429333513,FALSE
1227,"133",2018,59.4832,-49.466,1502.51,2.725154943,16.1762994516957,16.1755581569403,2.02850278442221,0.485324230051088,FALSE
1228,"133",2018,59.4832,-49.466,1280.634,2.660636667,15.8709725626358,15.8705844349441,2.04319581811853,0.381233201867474,FALSE
1229,"133",2018,59.4832,-49.466,1069.156,2.752750919,16.3033586294382,16.3003344346894,2.02238160966275,0.533439328021768,FALSE
1230,"133",2018,59.4832,-49.466,869.494,2.659223639,15.868328912741,15.8677080637086,2.04331651033316,0.37934159114263,FALSE
1231,"133",2018,59.4832,-49.466,679.547,2.652602533,15.4868481881789,15.486340636737,2.06196067656673,0.348857802570939,FALSE
1232,"133",2018,59.4832,-49.466,511.189,2.663619023,15.8688480748142,15.868743936717,2.04330765620345,0.38478619177701,FALSE
1233,"133",2018,59.4832,-49.466,361.133,2.927344451,16.8279713076392,16.8274182408389,1.99785145379051,0.863957231861489,FALSE
1234,"133",2018,59.4832,-49.466,220.17,2.823819868,16.3998544087998,16.3966953405421,2.0178067462521,0.649657152429789,FALSE
1235,"133",2018,59.4832,-49.466,101.037,3.129990221,17.5882288816207,17.5588107640411,1.96229966482159,1.36350123498823,FALSE
1236,"133",2018,59.4832,-49.466,50.477,3.104862588,17.4930958639067,17.4921343270442,1.96746611696413,1.29367073232485,FALSE
1237,"133",2018,59.4832,-49.466,25.01,3.367282899,18.1686299047923,18.1685136983503,1.93755067732133,2.04413422570624,FALSE
1238,"133",2018,59.4832,-49.466,2.5,3.496056537,18.6170714331515,18.6159990123009,1.91812801215751,2.4898584295116,FALSE
1239,"141",2018,59.744,-49.1693,3266.185,2.003157626,15.8697930631304,14.6167268908267,2.00315762592303,5.92472055600163e-21,TRUE
1240,"141",2018,59.744,-49.1693,3199.839,1.953061125,16.4596206847316,14.5368144735298,1.9530611281702,1.00501447559922e-17,TRUE
1241,"141",2018,59.744,-49.1693,3119.543,1.750108598,18.9131304591941,14.1766767575578,1.75010859529315,7.32704455410806e-18,TRUE
1242,"141",2018,59.744,-49.1693,3020.414,1.614689191,20.8482719401044,14.3630676584357,1.61468918912815,3.50380665959637e-18,TRUE
1243,"141",2018,59.744,-49.1693,2898.962,1.455481349,22.7580249043789,13.5558720399477,1.45548134817288,6.84131048622092e-19,TRUE
1244,"141",2018,59.744,-49.1693,2773.41,1.518809328,21.9847426400448,13.8771150274094,1.51880932708489,8.37427508919157e-19,TRUE
1245,"141",2018,59.744,-49.1693,2619.928,1.337043689,24.2392585574396,12.9252178457002,1.33704368580754,1.01917758053125e-17,TRUE
1246,"141",2018,59.744,-49.1693,2461.395,1.548956147,21.6224973719459,14.028826379323,1.54895614596737,1.0663150485861e-18,TRUE
1247,"141",2018,59.744,-49.1693,2260.806,1.495407401,22.2686765659411,13.7590902478873,1.49540740013049,7.56039565163658e-19,TRUE
1248,"141",2018,59.744,-49.1693,2058.948,1.361106127,23.9352304678182,13.0576294244618,1.36110612055165,4.15811671587344e-17,TRUE
1249,"141",2018,59.744,-49.1693,1851.105,1.558042499,21.5141521985643,14.074620987196,1.5580424979099,1.18832674621287e-18,TRUE
1250,"141",2018,59.744,-49.1693,1641.098,1.617872323,20.8113643397786,14.3794945037502,1.6178723210561,3.77875211710596e-18,TRUE
1251,"141",2018,59.744,-49.1693,1432.228,2.302122226,15.3922735922158,15.3907539827209,2.06660163991449,0.0554699464700638,FALSE
1252,"141",2018,59.744,-49.1693,1228.731,2.301209274,15.3902618661459,15.3874012271497,2.06665901583583,0.0550138236048765,FALSE
1253,"141",2018,59.744,-49.1693,1032.355,2.357889602,14.9766892855823,14.975996597944,2.08740949353577,0.0731594890748229,FALSE
1254,"141",2018,59.744,-49.1693,839.808,2.437880841,15.9414071998529,15.9407210951295,2.03978112149923,0.158483386666589,FALSE
1255,"141",2018,59.744,-49.1693,660.414,2.577597612,15.0399798953742,15.0396688223218,2.08423019762766,0.243411405564444,FALSE
1256,"141",2018,59.744,-49.1693,481.194,2.760278803,16.3321551098972,16.3309705485628,2.02107352933695,0.546424436611261,FALSE
1257,"141",2018,59.744,-49.1693,331.041,2.807160975,16.6151084734608,16.6146960250814,2.00776991381233,0.639026068706745,FALSE
1258,"141",2018,59.744,-49.1693,210.587,2.691478257,16.0069776211993,16.0068356294285,2.03663809911013,0.428815632385228,FALSE
1259,"141",2018,59.744,-49.1693,100.472,2.92277721,17.0682864273305,17.0667491940149,1.98674188396638,0.87616213158286,FALSE
1260,"141",2018,59.744,-49.1693,50.118,3.135410906,17.5768762945858,17.5765145358793,1.9637228226218,1.37285296473047,FALSE
1261,"141",2018,59.744,-49.1693,24.773,3.274794098,17.8631825108071,17.8630840122121,1.95097935950727,1.75248546185057,FALSE
1262,"141",2018,59.744,-49.1693,1.543,3.582259966,18.6301677717543,18.6293092046691,1.91757401937352,2.77117930089571,FALSE
1263,"148",2018,59.9808,-48.8963,3054.034,1.991065143,16.0064671957965,14.5846920645062,1.99106513567928,5.35930132834558e-17,TRUE
1264,"148",2018,59.9808,-48.8963,2959.297,2.080249666,14.9709461822291,14.7341650168371,2.0802496653651,4.03094794787303e-19,TRUE
1265,"148",2018,59.9808,-48.8963,2863.898,1.828388016,17.9665660682544,14.3554210356004,1.82838801424773,3.07044430184532e-18,TRUE
1266,"148",2018,59.9808,-48.8963,2761.398,1.730465324,19.1525350090112,14.1272861881261,1.73046532115581,8.08943314554184e-18,TRUE
1267,"148",2018,59.9808,-48.8963,2638.592,1.567792009,21.3983537857324,14.1238520275008,1.56779200783215,1.36387319472158e-18,TRUE
1268,"148",2018,59.9808,-48.8963,2499.489,1.27875987,24.9813347435152,12.5939855782846,1.27875986899941,1.00119023442782e-18,TRUE
1269,"148",2018,59.9808,-48.8963,2341.13,1.390691188,23.5634504934966,13.2172012632086,1.39069117186902,2.60208626673474e-16,TRUE
1270,"148",2018,59.9808,-48.8963,2158.954,1.401558778,23.4274772897624,13.2749778532825,1.40155875539176,5.11132443212449e-16,TRUE
1271,"148",2018,59.9808,-48.8963,1978.838,1.400748252,23.4376069864985,13.2706835783324,1.40074822995189,4.86119076435117e-16,TRUE
1272,"148",2018,59.9808,-48.8963,1780.475,1.580681103,21.2460089450116,14.1891454952648,1.58068110169846,1.69401442950127e-18,TRUE
1273,"148",2018,59.9808,-48.8963,1578.73,1.640737276,20.5478642061577,14.4983229572684,1.64073727343619,6.57314362128088e-18,TRUE
1274,"148",2018,59.9808,-48.8963,1380.098,1.776464877,18.5930582822358,14.239870454067,1.77646487456009,5.95318489861584e-18,TRUE
1275,"148",2018,59.9808,-48.8963,1180.207,2.190715216,14.3657546463638,14.3649576182329,2.1187111000971,0.00518459270695843,FALSE
1276,"148",2018,59.9808,-48.8963,981.634,2.28053003,15.9292665192298,15.9290200499149,2.04038115575863,0.0576714817993952,FALSE
1277,"148",2018,59.9808,-48.8963,799.41,2.418906961,15.7719524831959,15.7680525049254,2.04789127023204,0.137652642796027,FALSE
1278,"148",2018,59.9808,-48.8963,642.125,2.403814812,15.3551306956516,15.3541308891299,2.06845888742105,0.112463596150205,FALSE
1279,"148",2018,59.9808,-48.8963,500.288,2.492387913,15.0524415306169,15.0486346398656,2.08349294332387,0.167195096226446,FALSE
1280,"148",2018,59.9808,-48.8963,380.935,2.696514934,16.0350730827227,16.0343452171206,2.03526848795943,0.437246862401286,FALSE
1281,"148",2018,59.9808,-48.8963,260.171,2.754739589,17.1117006318915,16.1227262334652,1.95326552738723,0.642360671438065,FALSE
1282,"148",2018,59.9808,-48.8963,169.874,2.729518953,16.3150707436715,16.3150061875648,2.02191909674698,0.500697556569296,FALSE
1283,"148",2018,59.9808,-48.8963,100.355,3.230102851,17.8684636050868,17.8615471493308,1.95053135328862,1.63730321775534,FALSE
1284,"148",2018,59.9808,-48.8963,49.89,3.355586654,18.2248326501209,18.2244386222416,1.93509068051999,2.01780881067291,FALSE
1285,"148",2018,59.9808,-48.8963,25.35,3.415098505,18.6646792630496,18.3264240015011,1.90548612803722,2.27892952867921,FALSE
1286,"148",2018,59.9808,-48.8963,2.887,3.400944853,18.2375460841659,18.2375347744084,1.93454903059609,2.15031670796363,FALSE
1287,"154",2018,60.2912,-48.5445,2776.066,1.492712466,22.30151739441,13.7454607973427,1.49271246513435,7.49358373190165e-19,TRUE
1288,"154",2018,60.2912,-48.5445,2629.182,1.574653394,21.3171475792029,14.1585765255295,1.57465339276576,1.5233435519729e-18,TRUE
1289,"154",2018,60.2912,-48.5445,2520.268,1.508098565,22.1144132218082,13.8231579848624,1.50809856410894,7.9398575354107e-19,TRUE
1290,"154",2018,60.2912,-48.5445,2447.973,1.544541767,21.6752781135835,14.0065996520568,1.54454176599086,1.01836957707714e-18,TRUE
1291,"154",2018,60.2912,-48.5445,2331.504,1.720627189,19.2728725504303,14.1021340815112,1.72062718613173,8.22694642185507e-18,TRUE
1292,"154",2018,60.2912,-48.5445,2200.869,1.608817354,20.9164990145562,14.3328368821043,1.6088173522522,3.05478743132206e-18,TRUE
1293,"154",2018,60.2912,-48.5445,1980.396,1.58538353,21.1906433743458,14.2130399178842,1.58538352863961,1.85065618120531e-18,TRUE
1294,"154",2018,60.2912,-48.5445,1609.388,1.954987045,16.4368661158277,14.539977874056,1.95498704793549,8.61710327371863e-18,TRUE
1295,"154",2018,60.2912,-48.5445,1410.053,2.074681759,15.0330167422306,14.7193622063126,2.07468175787301,1.27011759887336e-18,TRUE
1296,"154",2018,60.2912,-48.5445,1209.217,2.351018195,14.9104843059576,14.9103338855179,2.09077507177731,0.0677264831847001,FALSE
1297,"154",2018,60.2912,-48.5445,1009.411,2.357875688,15.038251331851,15.037350366938,2.08429866532678,0.0748443873347458,FALSE
1298,"154",2018,60.2912,-48.5445,829.941,2.497152059,15.0736285370148,15.0672113331888,2.08234521735922,0.172064715871998,FALSE
1299,"154",2018,60.2912,-48.5445,659.045,2.538380312,15.3480992080967,15.3404834494409,2.06859932715463,0.220694173722288,FALSE
1300,"154",2018,60.2912,-48.5445,510.101,2.755661876,16.415710602905,16.4151606464699,2.0171398956915,0.545414715398792,FALSE
1301,"154",2018,60.2912,-48.5445,370.697,2.792739355,16.5593439475461,16.5591945563851,2.010391299846,0.612068479403254,FALSE
1302,"154",2018,60.2912,-48.5445,249.5,2.812299866,16.6462438810482,16.6323908242041,2.0058900489091,0.650296793100576,FALSE
1303,"154",2018,60.2912,-48.5445,100.723,2.933177348,16.8152131905579,16.8027325072991,1.99806700052642,0.874431361952164,FALSE
1304,"154",2018,60.2912,-48.5445,50.946,3.602246667,18.6735061402401,18.6734376663209,1.91574558368879,2.8442859040099,FALSE
1305,"154",2018,60.2912,-48.5445,20.469,3.554548949,18.5726299375643,18.5720435147744,1.92004827775027,2.67159244431583,FALSE
1306,"154",2018,60.2912,-48.5445,3.135,3.615951495,18.5805434721947,18.577816977251,1.91964173053755,2.87746681701065,FALSE
1307,"158",2018,60.447,-48.3612,134.857,2.780463552,16.5123465048184,16.5115273724918,2.01257761472226,0.589648812668915,FALSE
1308,"158",2018,60.447,-48.3612,100.322,3.048294775,17.2192604421047,17.2175313535313,1.97983691638182,1.14160219564295,FALSE
1309,"158",2018,60.447,-48.3612,21.489,3.652510221,18.4897039295271,18.475921176741,1.92319909868079,2.99051695777692,FALSE
1310,"158",2018,60.447,-48.3612,9.859,3.835391873,18.6301856620259,18.6198299800148,1.9172757233603,3.67916956350863,FALSE
1311,"158",2018,60.447,-48.3612,3.719,3.79735023,18.1017183081153,18.1016294113419,1.94047774467903,3.44797542674208,FALSE
1312,"159",2018,60.6612,-48.1398,83.621,3.48514901,18.5773026598348,18.5720158007498,1.91970051619261,2.45062898676381,FALSE
1313,"159",2018,60.6612,-48.1398,49.769,3.592369827,18.6087702164278,18.6062465611966,1.91843810993273,2.80204739340378,FALSE
1314,"159",2018,60.6612,-48.1398,20.49,3.822030216,18.2464538310458,18.2455318499466,1.93413270899512,3.56415699695526,FALSE
1315,"159",2018,60.6612,-48.1398,10.05,3.818993113,18.2454289172759,18.2432783359942,1.9341387576871,3.55267594074202,FALSE
1316,"160",2018,60.5627,-48.2517,117.565,3.261745967,17.8981125219099,17.8970534515991,1.94940443285657,1.72224030223792,FALSE
1317,"160",2018,60.5627,-48.2517,100.857,3.251527168,17.922913147528,17.92270329164,1.94833578303592,1.69830778584459,FALSE
1318,"160",2018,60.5627,-48.2517,50.538,3.499763125,18.4723763621532,18.4719884747964,1.92436548975625,2.48187770913161,FALSE
1319,"160",2018,60.5627,-48.2517,19.779,3.783490033,18.094886999325,18.0942150079509,1.94075866697098,3.39565888734719,FALSE
1320,"160",2018,60.5627,-48.2517,2.439,3.974186267,18.2732803819107,18.2707608913455,1.93291576763436,4.16678525158045,FALSE
1321,"169",2018,60.3642,-48.4503,990.431,2.427161718,15.8327062521501,15.8247897515391,2.04481319186986,0.146190395433889,FALSE
1322,"169",2018,60.3642,-48.4503,890.937,2.580700303,15.4729796056014,15.4723928147665,2.06264211976313,0.268384281218684,FALSE
1323,"169",2018,60.3642,-48.4503,780.315,2.373844688,15.1812165860969,15.1784091116693,2.07706436881934,0.0880785578529719,FALSE
1324,"169",2018,60.3642,-48.4503,670.519,2.702279911,16.0577463672088,16.0567973032181,2.03417240864741,0.446367634699819,FALSE
1325,"169",2018,60.3642,-48.4503,551.225,2.673459605,16.0061041774497,16.0052898390359,2.03665893386872,0.405515094753249,FALSE
1326,"169",2018,60.3642,-48.4503,450.296,2.746648985,16.3794133816457,16.3791176565769,2.01886355163352,0.52967163702043,FALSE
1327,"169",2018,60.3642,-48.4503,351.133,2.999613669,17.0550144579544,17.0433387367267,1.98703115721766,1.02532334316743,FALSE
1328,"169",2018,60.3642,-48.4503,249.524,2.855333989,16.8048937321351,16.8036143218524,1.99889877848359,0.733481269812294,FALSE
1329,"169",2018,60.3642,-48.4503,100.895,2.967818124,16.9826421414505,16.9820062655933,1.99070474196938,0.95475056134332,FALSE
1330,"169",2018,60.3642,-48.4503,49.734,3.201832771,17.7238009339333,17.7214219249707,1.95709537750243,1.54937117877112,FALSE
1331,"169",2018,60.3642,-48.4503,19.461,3.76394253,18.2708666079679,18.2024319172149,1.93095055334122,3.35985958649545,FALSE
1332,"169",2018,60.3642,-48.4503,1.785,3.572791569,18.4963469418442,18.490177984311,1.92315180623177,2.72131134690601,FALSE
1333,"176",2018,60.1748,-48.6863,2910.083,1.66758543,20.2420109742057,14.6397670011307,1.66758542647651,1.24149876462572e-17,TRUE
1334,"176",2018,60.1748,-48.6863,2840.333,1.64043108,20.5513742941321,14.4967218460025,1.64043107744569,6.52450233914212e-18,TRUE
1335,"176",2018,60.1748,-48.6863,2761.132,1.686315675,19.6947318623008,14.0118284329629,1.68631567225955,7.51005208668401e-18,TRUE
1336,"176",2018,60.1748,-48.6863,2660.12,1.580154489,21.2522164496601,14.1864722379174,1.58015448770469,1.67782130422951e-18,TRUE
1337,"176",2018,60.1748,-48.6863,2539.26,1.572314278,21.3448044461905,14.1467304680835,1.57231427678957,1.46514987095669e-18,TRUE
1338,"176",2018,60.1748,-48.6863,2399.408,1.47999135,22.4569196972625,13.680977641703,1.47999134915003,7.2244425421257e-19,TRUE
1339,"176",2018,60.1748,-48.6863,2240.115,1.434404063,23.0186147825242,13.4471241657473,1.43440406218865,6.5828141535122e-19,TRUE
1340,"176",2018,60.1748,-48.6863,2059.621,1.348509367,24.094211903025,12.98861553898,1.3485093625759,1.95726566616452e-17,TRUE
1341,"176",2018,60.1748,-48.6863,1859.955,1.548015922,21.6337314133111,14.0240913179152,1.5480159209726,1.05554699261401e-18,TRUE
1342,"176",2018,60.1748,-48.6863,1660.265,1.567860568,21.397541182065,14.1241986506022,1.56786056683154,1.36530550662656e-18,TRUE
1343,"176",2018,60.1748,-48.6863,1461.248,1.580684834,21.2459649704613,14.1891644362455,1.58068483269841,1.69413060974341e-18,TRUE
1344,"176",2018,60.1748,-48.6863,1260.558,1.797931416,18.333146825122,14.2884448954268,1.79793141380822,4.80388049932972e-18,TRUE
1345,"176",2018,60.1748,-48.6863,1060.244,2.29042882,16.0740323467608,16.0737779208745,2.03341272010595,0.0660572756047463,FALSE
1346,"176",2018,60.1748,-48.6863,880.478,2.340602363,14.7509645357975,14.7502477689912,2.09886886668757,0.058435083239433,FALSE
1347,"176",2018,60.1748,-48.6863,709.399,2.342877364,14.9805645671423,14.9802581482706,2.08722596881677,0.0653576358591332,FALSE
1348,"176",2018,60.1748,-48.6863,560.831,2.491323616,15.1849632902894,15.1848002785674,2.07696026629093,0.171696985582122,FALSE
1349,"176",2018,60.1748,-48.6863,429.481,2.472639325,14.8774205590966,14.8766124713006,2.09243062905223,0.144558652474305,FALSE
1350,"176",2018,60.1748,-48.6863,310.318,2.685264178,15.8793393198113,15.878554945665,2.04277823716607,0.412788184169265,FALSE
1351,"176",2018,60.1748,-48.6863,199.172,2.736397152,16.2183931207117,16.216858592653,2.02646981553748,0.503996823056764,FALSE
1352,"176",2018,60.1748,-48.6863,99.713,2.940412259,16.8364487496294,16.8176883970429,1.9968846563402,0.890244336980953,FALSE
1353,"176",2018,60.1748,-48.6863,50.39,3.094758876,17.4766701504344,17.4755571842899,1.96820059245273,1.26913356622898,FALSE
1354,"176",2018,60.1748,-48.6863,18.873,3.634965128,18.6947909001138,18.6938629315438,1.91480978499727,2.95893440406083,FALSE
1355,"176",2018,60.1748,-48.6863,3.547,3.75834851,18.0844270441059,18.0837550797192,1.94121701915827,3.3019668550087,FALSE
1356,"180",2018,59.0685,-49.9507,3513.232,2.158034767,15.1661181012923,15.1656523221977,2.07789348417379,0.00642262521303091,FALSE
1357,"180",2018,59.0685,-49.9507,3450.597,1.994069917,15.9764688654063,14.6025495873131,1.99406991719066,3.63498550718186e-20,TRUE
1358,"180",2018,59.0685,-49.9507,3371.016,1.592362054,21.1086954458581,14.2485828605605,1.59236205254127,2.12789199215194e-18,TRUE
1359,"180",2018,59.0685,-49.9507,3269.824,1.476756468,22.4965353412972,13.6645364579609,1.4767564671535,7.1656710519658e-19,TRUE
1360,"180",2018,59.0685,-49.9507,3150.289,1.184824805,26.1927577817539,12.0265734028786,1.18482480429151,5.01959558876427e-19,TRUE
1361,"180",2018,59.0685,-49.9507,3020.719,1.206803647,25.9076957268875,12.1632052480988,1.20680364627887,5.20034625871129e-19,TRUE
1362,"180",2018,59.0685,-49.9507,2857.926,1.187496108,26.1580605813408,12.0433091667943,1.18749610729039,5.0355318049598e-19,TRUE
1363,"180",2018,59.0685,-49.9507,2656.3,1.036626137,28.1383893368942,11.0393782180338,1.03662613658646,1.71016508807736e-19,TRUE
1364,"180",2018,59.0685,-49.9507,2439.198,1.253434171,25.3061382168641,12.4451987393832,1.25343417018218,6.68827428765745e-19,TRUE
1365,"180",2018,59.0685,-49.9507,2211.411,1.362542606,23.9171262821275,13.0654578129209,1.36254259926293,4.53881751888014e-17,TRUE
1366,"180",2018,59.0685,-49.9507,1967.358,2.223023712,14.9415185854998,14.9414824587541,2.08920770573731,0.0179067235320965,FALSE
1367,"180",2018,59.0685,-49.9507,1728.971,2.666938352,15.8844929645517,15.8836013448177,2.04252541285022,0.389891518577667,FALSE
1368,"180",2018,59.0685,-49.9507,1501.329,2.518864267,15.081505603639,15.0810244992223,2.08213618310299,0.190731419264356,FALSE
1369,"180",2018,59.0685,-49.9507,1279.842,2.618383125,15.7077197306466,15.7073734674671,2.05113281310462,0.321772916345408,FALSE
1370,"180",2018,59.0685,-49.9507,1072.709,2.551103534,15.24874743143,15.2485613837229,2.0737748798779,0.227842644046016,FALSE
1371,"180",2018,59.0685,-49.9507,871.163,2.624526717,15.2888311415309,15.288332993145,2.07176861031341,0.305541524507744,FALSE
1372,"180",2018,59.0685,-49.9507,678.787,2.438247592,15.9950539355803,15.9943857966493,2.03719546255815,0.16084281052984,FALSE
1373,"180",2018,59.0685,-49.9507,510.538,2.563146397,15.4083057622949,15.4018522677109,2.06565259800539,0.247500080038086,FALSE
1374,"180",2018,59.0685,-49.9507,358.713,2.600936443,15.6390502336986,15.6380734422275,2.05446898287718,0.298626684973091,FALSE
1375,"180",2018,59.0685,-49.9507,220.624,2.88457104,16.9261183092214,16.9253234316938,1.99330473639815,0.794355623936104,FALSE
1376,"180",2018,59.0685,-49.9507,100.18,3.143581509,17.5341408108062,17.5334108145567,1.96562852794236,1.38757322558258,FALSE
1377,"180",2018,59.0685,-49.9507,51.375,3.078898973,17.3168383091205,17.3167642095128,1.97545485131819,1.21758892967415,FALSE
1378,"180",2018,59.0685,-49.9507,26.113,3.199740237,17.7980288309505,17.7964270221126,1.95381980605229,1.55231772025293,FALSE
1379,"180",2018,59.0685,-49.9507,9.805,3.276121414,17.9335126289306,17.9333425376588,1.94786926316532,1.76425377619694,FALSE
1380,"181",2018,58.7815,-50.4468,2349.032,1.129699596,26.9118237909631,11.6730372027124,1.12969961722109,4.50334594665188e-16,TRUE
1381,"181",2018,58.7815,-50.4468,2201.813,1.213358386,25.8228679213838,12.2034865046764,1.21335838527297,5.28568734538811e-19,TRUE
1382,"181",2018,58.7815,-50.4468,2050.543,1.263898477,25.1717659801878,12.5070420389163,1.26389847612656,7.62897023011662e-19,TRUE
1383,"181",2018,58.7815,-50.4468,1896.415,1.402544759,23.4151573313394,13.2801985484241,1.40254473569173,5.43275480548835e-16,TRUE
1384,"181",2018,58.7815,-50.4468,1801.787,1.690180741,19.6471283118524,14.0223978107717,1.69018073824171,7.60813822582434e-18,TRUE
1385,"181",2018,58.7815,-50.4468,1700.844,2.141540613,14.8139593424861,14.8135114831008,2.09566666543661,0.00210441906504868,FALSE
1386,"181",2018,58.7815,-50.4468,1601.156,2.400248537,15.1776375440763,15.1771617315009,2.07731679633244,0.104284909130578,FALSE
1387,"181",2018,58.7815,-50.4468,1499.21,2.292202896,16.1537987107709,16.153458565402,2.02959036038081,0.0689653438643421,FALSE
1388,"181",2018,58.7815,-50.4468,1399.499,2.387338633,15.0839176523887,15.0789615176238,2.08187412414323,0.0933085661711065,FALSE
1389,"181",2018,58.7815,-50.4468,1300.333,2.430703275,15.3087283359836,15.3081073548342,2.07077512317774,0.129548274474189,FALSE
1390,"181",2018,58.7815,-50.4468,1153.259,2.336872575,14.7237555038617,14.7203776109956,2.10017496257854,0.0560257597260204,FALSE
1391,"181",2018,58.7815,-50.4468,1001.06,2.356277331,14.961919352069,14.9611989439235,2.0881547449664,0.0718897211413456,FALSE
1392,"181",2018,58.7815,-50.4468,848.394,2.413194005,15.7126418164201,15.7090021909292,2.05078885988811,0.131337489203571,FALSE
1393,"181",2018,58.7815,-50.4468,700.872,2.481108678,14.8626100328605,14.8616724612998,2.09317826606032,0.150490004507692,FALSE
1394,"181",2018,58.7815,-50.4468,551.623,2.47930625,15.3871885042323,14.8495531782163,2.04985279513537,0.184430269895168,FALSE
1395,"181",2018,58.7815,-50.4468,400.387,2.841705003,16.3096494665305,16.3091741106145,2.02216338980511,0.671648455758076,FALSE
1396,"12",2019,53.5617,-55.6603,97.743,3.892,19.1646889202011,19.1640275608678,1.9783440476484,3.6620791039707,FALSE
1397,"12",2019,53.5617,-55.6603,20.27,3.904,18.9534607719062,18.9493044594088,1.98733277505987,3.67361325115969,FALSE
1398,"12",2019,53.5617,-55.6603,3.675,3.938,18.939571079058,18.9377661418976,1.98800781278373,3.80246953020451,FALSE
1399,"15",2019,53.6775,-55.5528,145.92,3.34,18.6836456436798,18.6596594521227,1.99844981609885,1.7997568959252,FALSE
1400,"15",2019,53.6775,-55.5528,123.519,3.391,18.8353881263126,18.8309114364496,1.99244410028759,1.9559586046204,FALSE
1401,"15",2019,53.6775,-55.5528,100.351,3.579,19.3907235876639,19.3906654967007,1.96871576243891,2.5930153257377,FALSE
1402,"15",2019,53.6775,-55.5528,49.208,3.386,18.5891242926412,18.5886438896125,2.00333463337952,1.91176351605174,FALSE
1403,"15",2019,53.6775,-55.5528,19.73,3.776,19.6122745386149,19.6116588522346,1.95933051995546,3.3002879997253,FALSE
1404,"15",2019,53.6775,-55.5528,3.371,3.974,18.9254042408662,18.9245066239981,1.98864982885367,3.94161530207075,FALSE
1405,"19",2019,53.7937,-55.4368,195.079,3.338,18.7596474562559,18.7582188572496,1.99583875322272,1.80139681235074,FALSE
1406,"19",2019,53.7937,-55.4368,148.785,3.304,18.5395633913043,18.5377289958202,2.00547217097548,1.68617452275113,FALSE
1407,"19",2019,53.7937,-55.4368,100.23,3.567,18.9657892529923,18.9633025285247,1.98685197154506,2.49686779183002,FALSE
1408,"19",2019,53.7937,-55.4368,50.114,3.552,19.332147861835,19.3306857762114,1.97116297268437,2.49904570693211,FALSE
1409,"19",2019,53.7937,-55.4368,19.335,4.053,18.8531685278209,18.8528117749839,1.99180076401984,4.2485422904052,FALSE
1410,"19",2019,53.7937,-55.4368,3.643,4.106,19.1625645566932,19.1600842587517,1.97837803865971,4.52677521037749,FALSE
1411,"23",2019,53.9868,-55.2517,137.923,3.296,18.5108448711482,18.5073503843528,2.00668533684277,1.66233230063224,FALSE
1412,"23",2019,53.9868,-55.2517,139.374,3.342,18.685134396756,18.6850099586311,1.99913551811257,1.8032850167148,FALSE
1413,"23",2019,53.9868,-55.2517,100.254,3.25,18.3975070580133,18.380830020965,2.01127935215172,1.53442884340567,FALSE
1414,"23",2019,53.9868,-55.2517,49.511,3.368,18.7631020720942,18.7586778041532,1.99559384303371,1.88349865967898,FALSE
1415,"23",2019,53.9868,-55.2517,19.957,3.794,19.3988575412034,19.396923382779,1.96831146041695,3.33313864356488,FALSE
1416,"23",2019,53.9868,-55.2517,3.619,3.747,19.3701324831779,19.3700562250216,1.96959024826746,3.15918542555394,FALSE
1417,"27",2019,54.2192,-55.0242,159.466,3.527,19.2772543518359,19.2739349989983,1.9734448815153,2.41353350617002,FALSE
1418,"27",2019,54.2192,-55.0242,140.941,3.441,18.9994670049411,18.9972393380083,1.98540477999638,2.11875744449738,FALSE
1419,"27",2019,54.2192,-55.0242,99.781,3.49,19.154988631382,19.1501813514553,1.97862992637905,2.284239499437,FALSE
1420,"27",2019,54.2192,-55.0242,50.687,3.744,19.3516136505298,19.3473345685342,1.97024602938232,3.14620314828199,FALSE
1421,"27",2019,54.2192,-55.0242,9.694,4.016,19.1046258493137,19.1038556345944,1.98091957730901,4.14155232682015,FALSE
1422,"27",2019,54.2192,-55.0242,6.178,4.123,19.1807010217051,19.1582565135893,1.97697355898829,4.60542948552139,FALSE
1423,"54",2019,55.6127,-53.6402,2933.954,1.819,19.1718236113899,14.360849578866,1.81899999909574,8.17680525983219e-19,TRUE
1424,"54",2019,55.6127,-53.6402,2881.108,1.764,19.8190747873808,14.1979470797479,1.7639999989623,1.07683081387449e-18,TRUE
1425,"54",2019,55.6127,-53.6402,2799.956,1.572,22.2653065742355,13.8319531888599,1.57199999910495,8.01109793744606e-19,TRUE
1426,"54",2019,55.6127,-53.6402,2520.619,1.234,26.3624620434122,11.9244464851474,1.23399999923459,5.85853083070793e-19,TRUE
1427,"54",2019,55.6127,-53.6402,2422.074,1.178,27.0740448079411,11.5689984474438,1.17800002363403,5.58567387671946e-16,TRUE
1428,"54",2019,55.6127,-53.6402,2269.585,1.124,27.767552765839,11.2129594927094,1.12400000151227,2.28695342843055e-18,TRUE
1429,"54",2019,55.6127,-53.6402,2000.18,1.062,28.5722966730319,10.787617110192,1.06199999932661,4.53458292775683e-19,TRUE
1430,"54",2019,55.6127,-53.6402,1849.128,1.417,24.0966934767737,12.9960939688963,1.4169999875868,1.54087556871985e-16,TRUE
1431,"54",2019,55.6127,-53.6402,1379.403,1.903,18.1879639780933,14.5825033811725,1.902999999257,5.52042888154676e-19,TRUE
1432,"54",2019,55.6127,-53.6402,1179.373,2.051,16.4495601908252,14.8640896287174,2.05099999941032,3.47723385357834e-19,TRUE
1433,"54",2019,55.6127,-53.6402,990.099,1.88,18.4569084462867,14.5250296607064,1.87999999922099,6.06856183739035e-19,TRUE
1434,"54",2019,55.6127,-53.6402,809.272,2.331,16.3453407313568,16.3448986433842,2.10693249650577,0.0502062461221356,FALSE
1435,"54",2019,55.6127,-53.6402,640.512,2.454,15.5231125749191,15.522137153047,2.14758388404069,0.0938908361195875,FALSE
1436,"54",2019,55.6127,-53.6402,349.421,2.577,15.6582155872765,15.6520367542262,2.14062956624678,0.190419155453969,FALSE
1437,"54",2019,55.6127,-53.6402,220.363,2.757,16.7295449071533,16.7293087588302,2.0884572561777,0.446949400317455,FALSE
1438,"54",2019,55.6127,-53.6402,100.383,3.025,17.6792124572845,17.6787246140603,2.04411344592373,0.962138431967617,FALSE
1439,"54",2019,55.6127,-53.6402,49.678,3.053,17.8467701083955,17.8463772383554,2.0364855044859,1.03330171959028,FALSE
1440,"54",2019,55.6127,-53.6402,30.309,2.582,15.634104528185,15.6333238400553,2.14200883231967,0.193592227636703,FALSE
1441,"54",2019,55.6127,-53.6402,9.573,3.025,17.6792124572845,17.6787246140603,2.04411344592373,0.962138431967617,FALSE
1442,"54",2019,55.6127,-53.6402,4.136,3.445,19.0118138856681,19.007170938514,1.98479585883964,2.13219613386185,FALSE
1443,"64",2019,55.8445,-53.3913,3157.191,1.94,17.7543690377676,14.66645255599,1.93999999929855,4.92031180871737e-19,TRUE
1444,"64",2019,55.8445,-53.3913,3099.544,1.94,17.7543690377676,14.66645255599,1.93999999929855,4.92031180871737e-19,TRUE
1445,"64",2019,55.8445,-53.3913,3021.745,1.777,19.6657109481596,14.2375035302561,1.77699999899086,1.01836778447987e-18,TRUE
1446,"64",2019,55.8445,-53.3913,2921.447,1.446,23.7471292011515,13.1553868761118,1.44599997185151,7.92337225832808e-16,TRUE
1447,"64",2019,55.8445,-53.3913,2810.542,1.385,24.4856982350774,12.8175617974577,1.38499999510637,2.3947655336549e-17,TRUE
1448,"64",2019,55.8445,-53.3913,2690.553,1.171,27.1635443768561,11.5235894560508,1.17100001772882,3.14310899981598e-16,TRUE
1449,"64",2019,55.8445,-53.3913,2561.2,1.174,27.1251726543704,11.5430773619001,1.17400002008082,4.03239354440415e-16,TRUE
1450,"64",2019,55.8445,-53.3913,2409.016,1.173,27.1379607709511,11.5365858820912,1.17300001926857,3.71277946677276e-16,TRUE
1451,"64",2019,55.8445,-53.3913,2231.604,1.111,27.9355501882679,11.1252563770207,1.11100000040877,1.67095559680977e-19,TRUE
1452,"64",2019,55.8445,-53.3913,2008.992,1.331,25.149401312301,12.5084492945298,1.33099999865112,1.81948775806425e-18,TRUE
1453,"64",2019,55.8445,-53.3913,1549.578,2.22,15.1698059439907,15.1696208610516,2.165571001073,0.00296251592419497,FALSE
1454,"64",2019,55.8445,-53.3913,1310.152,2.752,16.7146780281427,16.7136982833333,2.08914292631024,0.439379500140548,FALSE
1455,"64",2019,55.8445,-53.3913,1090.279,2.596,15.7274001928777,15.7267536177803,2.13734416425411,0.210365175663761,FALSE
1456,"64",2019,55.8445,-53.3913,889.288,2.85,16.9221874383848,16.9199476146371,2.0792475242572,0.594059378863649,FALSE
1457,"64",2019,55.8445,-53.3913,710.807,2.903,16.7207377481321,16.716853628045,2.08876201291782,0.662983499607643,FALSE
1458,"64",2019,55.8445,-53.3913,550.099,3.006,17.5935467958161,17.5661165179365,2.0471860066642,0.91932427381654,FALSE
1459,"64",2019,55.8445,-53.3913,398.667,3.047,17.5484745726717,17.5480656749185,2.05010912390847,0.993791418834537,FALSE
1460,"64",2019,55.8445,-53.3913,289.027,2.946,17.3096761318754,17.3096271268986,2.0611569693321,0.78294718892156,FALSE
1461,"64",2019,55.8445,-53.3913,189.133,3.104,18.0495107580049,18.0482767925932,2.02730009139229,1.15928269319585,FALSE
1462,"64",2019,55.8445,-53.3913,99.614,2.975,17.4394387656534,17.4392252981254,2.05514010871803,0.846142219589278,FALSE
1463,"64",2019,55.8445,-53.3913,25.641,3.271,18.6981324674091,18.6948715866642,1.99846817519655,1.6193372451376,FALSE
1464,"64",2019,55.8445,-53.3913,5.128,3.541,19.3065588296196,19.30415070502,1.97222351749178,2.46105965207087,FALSE
1465,"91",2019,56.5367,-52.6785,3538.073,2.077,16.1501883191661,14.9164673149174,2.07699999934946,4.23197755457548e-19,TRUE
1466,"91",2019,56.5367,-52.6785,3460.776,1.865,18.6324225937476,14.4861375984187,1.8649999991937,6.50120628303009e-19,TRUE
1467,"91",2019,56.5367,-52.6785,3381.827,1.736,20.1497149685957,14.1093023826704,1.73599999889853,1.21324600187394e-18,TRUE
1468,"91",2019,56.5367,-52.6785,3281.594,1.398,24.3272631782471,12.8904717801286,1.39799999286915,5.08490457807004e-17,TRUE
1469,"91",2019,56.5367,-52.6785,3159.557,1.276,25.8340827267726,12.1821057198827,1.27599999917341,6.83247204607534e-19,TRUE
1470,"91",2019,56.5367,-52.6785,3030.568,1.195,26.8571934941519,11.6783659874317,1.19500004561412,2.08064768338255e-15,TRUE
1471,"91",2019,56.5367,-52.6785,2859.943,1.312,25.3849703849727,12.3970872456419,1.31199999895697,1.08792014113014e-18,TRUE
1472,"91",2019,56.5367,-52.6785,2662.388,1.031,28.9779391137862,10.5681686636939,1.03099999928424,5.12309685545115e-19,TRUE
1473,"91",2019,56.5367,-52.6785,2440.401,1.052,28.7029160089068,10.7173253379799,1.05199999930078,4.88909250718202e-19,TRUE
1474,"91",2019,56.5367,-52.6785,2210.029,1.063,28.5592470748784,10.7946202933342,1.06299999933038,4.48395291237369e-19,TRUE
1475,"91",2019,56.5367,-52.6785,1970.94,1.246,26.2110225338442,11.9988316744626,1.24599999922468,6.01118395051736e-19,TRUE
1476,"91",2019,56.5367,-52.6785,1728.539,2.092,15.977963615032,14.9463319058799,2.09199999931783,4.65360587037778e-19,TRUE
1477,"91",2019,56.5367,-52.6785,1499.743,2.16,15.2010742084475,15.0754436764301,2.15999999833183,2.78280315725574e-18,TRUE
1478,"91",2019,56.5367,-52.6785,1280.82,2.329,16.1101015582446,16.1093675192202,2.11840054888554,0.0443521288097108,FALSE
1479,"91",2019,56.5367,-52.6785,1069.551,2.5,16.1531529131632,16.1525155975688,2.11629383682361,0.147230419659547,FALSE
1480,"91",2019,56.5367,-52.6785,871.029,2.424,15.09993603986,15.0980401189496,2.16910500246375,0.0649714597690034,FALSE
1481,"91",2019,56.5367,-52.6785,681.025,2.589,15.7648144624301,15.7642359718981,2.13547967064312,0.205680689139973,FALSE
1482,"91",2019,56.5367,-52.6785,510.631,2.553,15.4901191791372,15.4892847237454,2.14925303860549,0.163011608835303,FALSE
1483,"91",2019,56.5367,-52.6785,360.339,2.716,16.5531202992463,16.5314621738778,2.09622656127761,0.384119115345774,FALSE
1484,"91",2019,56.5367,-52.6785,219.455,2.999,17.3437946555393,17.3436565449767,2.05957015347126,0.882528436549005,FALSE
1485,"91",2019,56.5367,-52.6785,99.353,3.02,17.478379979514,17.4778827038272,2.05333380059253,0.934443541076884,FALSE
1486,"91",2019,56.5367,-52.6785,51.189,3.348,18.7009433943835,18.7003172866943,1.99842812019578,1.82134425875829,FALSE
1487,"91",2019,56.5367,-52.6785,24.962,3.298,19.6723025542054,18.0499311397894,1.90501956939945,1.94039448003608,FALSE
1488,"91",2019,56.5367,-52.6785,3.917,3.23,18.3225894937449,18.321993445188,2.01511043493439,1.47595665530531,FALSE
1489,"100",2019,56.959,-52.2412,3559.362,2.025,16.7640413365384,14.8454234280782,2.02499999934873,4.24151071545619e-19,TRUE
1490,"100",2019,56.959,-52.2412,3488.58,1.873,18.5388615435124,14.5071534428947,1.87299999920911,6.25510536221487e-19,TRUE
1491,"100",2019,56.959,-52.2412,3399.043,1.668,21.1809012258793,14.3494353058117,1.66799999898244,1.03541848583612e-18,TRUE
1492,"100",2019,56.959,-52.2412,3288.776,1.21,26.6664552064508,11.773801770607,1.20999999924731,5.66537755826221e-19,TRUE
1493,"100",2019,56.959,-52.2412,3168.008,1.158,27.3300764298058,11.4386737785907,1.1580000100516,1.01034756235347e-16,TRUE
1494,"100",2019,56.959,-52.2412,3029.535,1.087,28.2467366998765,10.9612848940019,1.0869999995537,1.99186561152657e-19,TRUE
1495,"100",2019,56.959,-52.2412,2869.05,1.128,27.7159415464143,11.2397884435741,1.12800000200597,4.02390072440244e-18,TRUE
1496,"100",2019,56.959,-52.2412,2681.277,1.065,28.5331546339476,10.8086125026698,1.06499999933875,4.37251488029721e-19,TRUE
1497,"100",2019,56.959,-52.2412,2470.593,1.042,28.8337581269246,10.6465598032518,1.04199999928907,5.05421122951948e-19,TRUE
1498,"100",2019,56.959,-52.2412,2249.711,1.124,27.767552765839,11.2129594927094,1.12400000151227,2.28695342843055e-18,TRUE
1499,"100",2019,56.959,-52.2412,2009.714,1.357,24.8287424480404,12.6585961255498,1.35699999769196,5.32703830579535e-18,TRUE
1500,"100",2019,56.959,-52.2412,1770.882,2.16,15.2010742084475,15.0754436764301,2.15999999833183,2.78280315725574e-18,TRUE
1501,"100",2019,56.959,-52.2412,1530.064,2.24,14.3330719221636,14.3326288096703,2.20933765598849,0.000940179340280477,FALSE
1502,"100",2019,56.959,-52.2412,1289.971,2.214,15.0933405864282,15.0928950492124,2.1694901662171,0.0019811253033818,FALSE
1503,"100",2019,56.959,-52.2412,1068.471,2.449,15.4632030227623,15.4622038171983,2.15060781785443,0.0890378943655963,FALSE
1504,"100",2019,56.959,-52.2412,872.461,2.295,15.6516536100019,15.6508360156552,2.14112787534549,0.0236766307456927,FALSE
1505,"100",2019,56.959,-52.2412,683.553,2.515,15.063112914529,15.0626602868173,2.17104645521995,0.118304040966763,FALSE
1506,"100",2019,56.959,-52.2412,510.993,2.587,15.6597446689566,15.6590388635402,2.14072602391353,0.199160461732032,FALSE
1507,"100",2019,56.959,-52.2412,362.482,2.726,16.2663320275615,16.2657944610029,2.11077046578105,0.378507379775261,FALSE
1508,"100",2019,56.959,-52.2412,220.778,2.816,17.0155778912591,17.015376763438,2.07490634248532,0.549219809208482,FALSE
1509,"100",2019,56.959,-52.2412,100.533,2.968,17.4067000583888,17.4058945933088,2.05663488424147,0.830586374221551,FALSE
1510,"100",2019,56.959,-52.2412,24.03,3.094,18.0230237368637,18.0054224648132,2.02797596486815,1.13640724347879,FALSE
1511,"100",2019,56.959,-52.2412,4.148,3.262,18.3948634004304,18.3907519696623,2.01179226759674,1.56301937416091,FALSE
1512,"106",2019,57.3787,-51.7853,3584.114,1.964,17.4743010525882,14.7196906775577,1.96399999932187,4.59856377345311e-19,TRUE
1513,"106",2019,57.3787,-51.7853,3498.785,1.758,19.8896046699058,14.1787313271643,1.75799999894115,1.12115275873839e-18,TRUE
1514,"106",2019,57.3787,-51.7853,3408.491,1.601,21.9335404486804,13.9870872336614,1.60099999908036,8.45744116485431e-19,TRUE
1515,"106",2019,57.3787,-51.7853,3298.838,1.318,25.3104690047227,12.4324076367616,1.31799999888255,1.24868983598892e-18,TRUE
1516,"106",2019,57.3787,-51.7853,3178.169,1.127,27.7288407943389,11.2330880986297,1.12700000187421,3.5126802218863e-18,TRUE
1517,"106",2019,57.3787,-51.7853,3038.929,0.989,29.5308446038543,10.2635339404481,0.988999997744663,5.08654360861778e-18,TRUE
1518,"106",2019,57.3787,-51.7853,2878.238,1.04,28.859953090807,10.6323497060648,1.03999999928774,5.07314348533e-19,TRUE
1519,"106",2019,57.3787,-51.7853,2688.585,1.109,27.961431196347,11.1116942890897,1.1090000002915,8.497014106148e-20,TRUE
1520,"106",2019,57.3787,-51.7853,2479.782,1.075,28.4028280684828,10.8782908660591,1.07499999940226,3.57293202826319e-19,TRUE
1521,"106",2019,57.3787,-51.7853,2248.416,1.17,27.1763398625445,11.5170845054122,1.17000001699954,2.88984307294926e-16,TRUE
1522,"106",2019,57.3787,-51.7853,2009.376,1.127,27.7288407943389,11.2330880986297,1.12700000187421,3.5126802218863e-18,TRUE
1523,"106",2019,57.3787,-51.7853,1771,2.003,17.0198971463762,14.8015154609015,2.00299999934526,4.28685973746363e-19,TRUE
1524,"106",2019,57.3787,-51.7853,1529.581,2.251,14.5489030325153,14.5481103597473,2.19786426499206,0.00282340633483407,FALSE
1525,"106",2019,57.3787,-51.7853,1290.521,2.289,15.2826009890585,15.282074994391,2.15979295791009,0.0166944597256249,FALSE
1526,"106",2019,57.3787,-51.7853,1071.187,2.348,14.4359815544832,14.4357804746472,2.20386484816471,0.0207749419945819,FALSE
1527,"106",2019,57.3787,-51.7853,868.653,2.484,15.9418678996922,15.9388797403174,2.12661410602352,0.127724677213367,FALSE
1528,"106",2019,57.3787,-51.7853,680.132,2.5,16.1531529131632,16.1525155975688,2.11629383682361,0.147230419659547,FALSE
1529,"106",2019,57.3787,-51.7853,508.001,2.535,15.3681176271241,15.3678013553971,2.15544764692555,0.144059988724351,FALSE
1530,"106",2019,57.3787,-51.7853,360.436,2.663,16.1724282645081,16.1719335269351,2.11535509571001,0.299914941194797,FALSE
1531,"106",2019,57.3787,-51.7853,220.047,2.776,16.8232168009184,16.8226711874228,2.08399013093104,0.47887765888884,FALSE
1532,"106",2019,57.3787,-51.7853,99.851,3.12,17.9184809763387,17.9156661059058,2.03316030309969,1.18122052675836,FALSE
1533,"106",2019,57.3787,-51.7853,50.648,3.232,18.289865016241,18.2826355982548,2.01635703532792,1.47778781755672,FALSE
1534,"106",2019,57.3787,-51.7853,4.921,3.318,18.6185467507565,18.618470396653,2.00205525454357,1.73171057309439,FALSE
1535,"113",2019,57.8022,-51.3508,3634.727,2.023,16.7872843073206,14.8414916397304,2.02299999934876,4.24119257782234e-19,TRUE
1536,"113",2019,57.8022,-51.3508,3588.967,2.068,16.2536998499068,14.898431504999,2.0679999993688,3.98412294995222e-19,TRUE
1537,"113",2019,57.8022,-51.3508,3488.394,1.812,19.2540368708082,14.3408897035027,1.81199999907895,8.48337832187658e-19,TRUE
1538,"113",2019,57.8022,-51.3508,3380.851,1.706,20.7620784875182,14.5579740027462,1.70599999890233,1.20488664191858e-18,TRUE
1539,"113",2019,57.8022,-51.3508,3252.405,1.364,24.7427555949653,12.698594651,1.36399999724891,7.56847065536688e-18,TRUE
1540,"113",2019,57.8022,-51.3508,3118.987,1.238,26.3119405903549,11.9493105207005,1.23799999923166,5.90348833585002e-19,TRUE
1541,"113",2019,57.8022,-51.3508,2938.322,1.206,26.7172625830799,11.748449647015,1.20600006805275,4.63117721951882e-15,TRUE
1542,"113",2019,57.8022,-51.3508,2741.054,1.06,28.5984026146687,10.7735965789646,1.05999999931982,4.62642598802047e-19,TRUE
1543,"113",2019,57.8022,-51.3508,2521.01,1.003,29.3461276675893,10.3660194133019,1.0029999908506,8.37115998731644e-17,TRUE
1544,"113",2019,57.8022,-51.3508,2289.601,0.976,29.7027297896196,10.1675229761178,0.97599999913458,7.48951511401551e-19,TRUE
1545,"113",2019,57.8022,-51.3508,2039.704,1.407,24.2178974320358,12.9406373010125,1.40699999072329,8.60573908600757e-17,TRUE
1546,"113",2019,57.8022,-51.3508,1750.549,2.189,15.0922016383438,15.0916518474643,2.16954547806141,0.000378478423859053,FALSE
1547,"113",2019,57.8022,-51.3508,1550.803,2.181,15.0925577627673,15.0924803836586,2.1695420841544,0.000131283835524746,FALSE
1548,"113",2019,57.8022,-51.3508,1299.073,2.502,16.2129185305309,16.2121043736705,2.11336631004298,0.151036144969612,FALSE
1549,"113",2019,57.8022,-51.3508,1069.874,2.565,15.4030389720765,15.4026477571148,2.15367319848728,0.169189737642684,FALSE
1550,"113",2019,57.8022,-51.3508,889.131,2.588,15.7807090299391,15.7806489790125,2.13470405007172,0.20547721822138,FALSE
1551,"113",2019,57.8022,-51.3508,680.191,2.59,15.6882657709838,15.687820943782,2.13930650985867,0.203124622055773,FALSE
1552,"113",2019,57.8022,-51.3508,509.891,2.921,17.1989919629268,17.1938087492993,2.06615003955487,0.730768454873043,FALSE
1553,"113",2019,57.8022,-51.3508,359.718,2.724,17.1168150786728,16.3553802731598,2.04591117778651,0.459804450810873,FALSE
1554,"113",2019,57.8022,-51.3508,218.348,2.928,17.0688502550036,17.0688096413953,2.07240659368486,0.732040076929953,FALSE
1555,"113",2019,57.8022,-51.3508,99.964,3.095,17.9715442152116,17.7174536682747,2.02281702352081,1.14957633505178,FALSE
1556,"113",2019,57.8022,-51.3508,49.995,3.226,18.2622580652382,18.2621322400206,2.01781037033252,1.45972218123604,FALSE
1557,"113",2019,57.8022,-51.3508,24.418,3.172,18.128240402538,18.1239627384716,2.0236692255798,1.31866356748049,FALSE
1558,"113",2019,57.8022,-51.3508,8.416,3.185,18.094159823604,18.0938140994955,2.02532187951902,1.34485334312229,FALSE
1559,"130",2019,58.2178,-50.8873,3519.15,1.924,17.9426210262168,14.6328476223708,1.92399999928467,5.11694492494396e-19,TRUE
1560,"130",2019,58.2178,-50.8873,3429.699,1.784,19.5833706414442,14.2588386644248,1.78399999901057,9.78966197619889e-19,TRUE
1561,"130",2019,58.2178,-50.8873,3319.503,1.456,23.6272766835535,13.2098458317384,1.45599996316371,1.35691209872424e-15,TRUE
1562,"130",2019,58.2178,-50.8873,3200.032,1.324,25.2360698907324,12.4675858158794,1.32399999878941,1.4655342376689e-18,TRUE
1563,"130",2019,58.2178,-50.8873,3058.97,1.301,25.5218191748125,12.3319592417301,1.30099999905636,8.90454458070522e-19,TRUE
1564,"130",2019,58.2178,-50.8873,2900.5,1.155,27.3685653666516,11.4189694743197,1.15500000875147,7.65881804034443e-17,TRUE
1565,"130",2019,58.2178,-50.8873,2709.11,1.194,26.8699295369099,11.6719681937386,1.19400004394482,1.93114751753066e-15,TRUE
1566,"130",2019,58.2178,-50.8873,2500.333,1.148,27.4584576408595,11.3728340854858,1.14800000624651,3.90189340376365e-17,TRUE
1567,"130",2019,58.2178,-50.8873,2271.068,1.342,25.013494804295,12.5722826062057,1.34199999834857,2.72721625398839e-18,TRUE
1568,"130",2019,58.2178,-50.8873,2019.71,1.807,19.3127507535171,14.3264126651665,1.80699999906611,8.72143624360846e-19,TRUE
1569,"130",2019,58.2178,-50.8873,1770.575,2.382,14.4341105881899,14.4322930668163,2.20391319318896,0.0317149107601545,FALSE
1570,"130",2019,58.2178,-50.8873,1530.534,2.532,15.4384065927254,15.4376847395989,2.15187100229314,0.144498054897626,FALSE
1571,"130",2019,58.2178,-50.8873,1290.701,2.47,15.7961085636513,15.7957903836791,2.13392910269634,0.112943648014485,FALSE
1572,"130",2019,58.2178,-50.8873,1068.922,2.434,15.246817659572,15.246512106759,2.16162619258336,0.0741874909666353,FALSE
1573,"130",2019,58.2178,-50.8873,870.528,2.686,16.2948760358294,16.2909932948397,2.10927543417666,0.332611224824119,FALSE
1574,"130",2019,58.2178,-50.8873,680.722,2.778,16.833226349094,16.8330983462807,2.08352814077922,0.482291163249564,FALSE
1575,"130",2019,58.2178,-50.8873,510.904,2.915,17.1684769356241,17.1627336448067,2.06755808385884,0.718157801232994,FALSE
1576,"130",2019,58.2178,-50.8873,359.758,2.713,16.5225800090698,16.5224867220852,2.09837743167575,0.377760901493496,FALSE
1577,"130",2019,58.2178,-50.8873,219.588,2.924,17.1182049753769,17.1180397273549,2.07008736312836,0.729166791409084,FALSE
1578,"130",2019,58.2178,-50.8873,99.158,3.006,17.5935467958161,17.5661165179365,2.0471860066642,0.91932427381654,FALSE
1579,"130",2019,58.2178,-50.8873,50.258,3.21,18.1988974118806,18.1971630235541,2.02058716497659,1.41470289211843,FALSE
1580,"130",2019,58.2178,-50.8873,25.444,3.308,19.6830670650278,18.0925185665757,1.90560520943235,1.96671114861129,FALSE
1581,"130",2019,58.2178,-50.8873,4.429,3.324,18.6168379504934,18.6156630736955,2.00209568614241,1.74743101499531,FALSE
1582,"143",2019,58.6393,-50.42,3572.243,2.036,16.6362707389407,14.8668499210341,2.03599999934727,4.26053964432322e-19,TRUE
1583,"143",2019,58.6393,-50.42,3519.195,1.841,18.9137995226627,14.4223207473976,1.84099999914705,7.27517906267081e-19,TRUE
1584,"143",2019,58.6393,-50.42,3439.275,1.554,22.4730420498926,13.7358813490113,1.55399999911536,7.82587389671454e-19,TRUE
1585,"143",2019,58.6393,-50.42,3320.262,1.318,25.3104690047227,12.4324076367616,1.31799999888255,1.24868983598892e-18,TRUE
1586,"143",2019,58.6393,-50.42,3198.608,1.148,27.4584576408595,11.3728340854858,1.14800000624651,3.90189340376365e-17,TRUE
1587,"143",2019,58.6393,-50.42,3059.757,1.276,25.8340827267726,12.1821057198827,1.27599999917341,6.83247204607534e-19,TRUE
1588,"143",2019,58.6393,-50.42,2900.152,1.18,27.0484956839606,11.5819321241281,1.18000002560708,6.55722558111778e-16,TRUE
1589,"143",2019,58.6393,-50.42,2709.462,1.228,26.4383218210417,11.8870205535302,1.22799999923845,5.79965404458214e-19,TRUE
1590,"143",2019,58.6393,-50.42,2499.64,1.263,25.9971295249919,12.1031548141707,1.26299999920232,6.36298571772875e-19,TRUE
1591,"143",2019,58.6393,-50.42,2269.772,1.577,22.2078473749223,13.8586598801914,1.57699999910146,8.07365987707287e-19,TRUE
1592,"143",2019,58.6393,-50.42,2019.925,2.336,14.1837109017157,14.1829401364114,2.21733111405305,0.0140823044918913,FALSE
1593,"143",2019,58.6393,-50.42,1770.332,2.421,15.0630670353247,15.062154334711,2.17103427814725,0.0624828621013651,FALSE
1594,"143",2019,58.6393,-50.42,1528.963,2.506,16.2540615697143,16.2462936126962,2.11113962316135,0.155914717197158,FALSE
1595,"143",2019,58.6393,-50.42,1289.921,2.593,15.8441428437808,15.8408938774077,2.13144820669223,0.213030057905616,FALSE
1596,"143",2019,58.6393,-50.42,1069.603,2.794,16.9109364885478,16.9103309839139,2.0798311670229,0.510037121995876,FALSE
1597,"143",2019,58.6393,-50.42,870.179,2.979,17.2809523484006,17.2782658903642,2.06240908183466,0.840138911263187,FALSE
1598,"143",2019,58.6393,-50.42,679.99,3.081,17.7413035099422,17.7392356353577,2.0412293009334,1.08112310663744,FALSE
1599,"143",2019,58.6393,-50.42,509.846,2.898,17.088100520439,17.0796710884019,2.07123790343759,0.683535564312266,FALSE
1600,"143",2019,58.6393,-50.42,360.049,2.702,16.47191982128,16.4712278551281,2.10079987566649,0.361441589498626,FALSE
1601,"143",2019,58.6393,-50.42,219.228,2.699,16.3674569182482,16.3668944635256,2.10585600793643,0.351819795321107,FALSE
1602,"143",2019,58.6393,-50.42,99.771,3.009,17.6193310011688,17.6190242683683,2.04685992336488,0.925713527067439,FALSE
1603,"143",2019,58.6393,-50.42,49.978,3.148,17.9539275676946,17.9534954719949,2.03163330658639,1.24627459416324,FALSE
1604,"143",2019,58.6393,-50.42,24.954,3.188,18.3755218153868,18.3748765153359,2.01275880955273,1.38119185572392,FALSE
1605,"143",2019,58.6393,-50.42,4.501,3.114,17.8883193688862,17.8875388236539,2.03458967310609,1.16512665380521,FALSE
1606,"153",2019,58.853,-50.1787,2179.655,1.294,25.60908012956,12.2902591986721,1.29399999910102,8.08156659437244e-19,TRUE
1607,"153",2019,58.853,-50.1787,1769.646,2.324,16.0505251161598,16.0496349380159,2.12132213651006,0.0410783163488451,FALSE
1608,"153",2019,58.853,-50.1787,1700.453,2.217,15.0949933805027,15.094399404756,2.16940043209944,0.0022657188643203,FALSE
1609,"153",2019,58.853,-50.1787,1529.638,2.461,15.6376747813967,15.6356691093184,2.14179105324394,0.101894351689111,FALSE
1610,"153",2019,58.853,-50.1787,1449.334,2.669,15.8307112834729,15.8306721965069,2.13221697066523,0.288136020581813,FALSE
1611,"153",2019,58.853,-50.1787,1230.928,2.714,16.52816787166,16.5275398374513,2.09809158731819,0.379343172812228,FALSE
1612,"153",2019,58.853,-50.1787,1000.426,2.606,15.7865108381897,15.7856748838789,2.13439056368771,0.222415460418796,FALSE
1613,"153",2019,58.853,-50.1787,950.638,2.625,15.7433162581951,15.7430684082664,2.1365622993295,0.238571387436282,FALSE
1614,"153",2019,58.853,-50.1787,800.069,2.803,16.9567667884353,16.9534085009664,2.07757878579753,0.526235938014993,FALSE
1615,"153",2019,58.853,-50.1787,500.17,2.558,15.5631741840154,15.5631643676962,2.14559656218035,0.170076595525468,FALSE
1616,"153",2019,58.853,-50.1787,350.172,2.712,16.5181534140778,16.5180381127947,2.09858983358445,0.37627203226195,FALSE
1617,"159",2019,59.0678,-49.9492,3512.483,2.111,15.7573214934586,14.9760379120033,2.11099999787401,4.51985257816108e-18,TRUE
1618,"159",2019,59.0678,-49.9492,3450.384,1.943,17.7193443390595,14.6732364132088,1.9429999993018,4.87476958194794e-19,TRUE
1619,"159",2019,59.0678,-49.9492,3370.517,1.844,18.8785619535231,14.4303460285359,1.84399999915267,7.17962457368884e-19,TRUE
1620,"159",2019,59.0678,-49.9492,3269.894,1.639,21.5043196309688,14.191741916777,1.63899999903104,9.38883096504496e-19,TRUE
1621,"159",2019,59.0678,-49.9492,3149.953,1.311,25.3973971664661,12.3911865875227,1.31099999896781,1.06541000820526e-18,TRUE
1622,"159",2019,59.0678,-49.9492,3019.219,1.244,26.2362363930275,11.986477187814,1.24399999922659,5.98169558104165e-19,TRUE
1623,"159",2019,59.0678,-49.9492,2859.81,1.268,25.9343656411945,12.1336046671712,1.2679999991928,6.51579504367649e-19,TRUE
1624,"159",2019,59.0678,-49.9492,2658.552,1.352,24.8902520809329,12.6299172068027,1.35199999794972,4.2036533192765e-18,TRUE
1625,"159",2019,59.0678,-49.9492,2439.49,1.403,24.2664717278173,12.9183720108667,1.40299999174715,6.81095141204039e-17,TRUE
1626,"159",2019,59.0678,-49.9492,2209.859,1.398,24.3272631782471,12.8904717801286,1.39799999286915,5.08490457807004e-17,TRUE
1627,"159",2019,59.0678,-49.9492,1970.917,1.838,18.9489545870811,14.4140526750735,1.83799999914028,7.39115931219779e-19,TRUE
1628,"159",2019,59.0678,-49.9492,1691.188,2.43,15.4009022327386,15.3994808838621,2.15374897517119,0.0763146287189653,FALSE
1629,"159",2019,59.0678,-49.9492,1500.4,2.368,14.5406465801799,14.539744642548,2.19829707264392,0.0287990835532237,FALSE
1630,"159",2019,59.0678,-49.9492,1280.571,2.393,14.6076869102363,14.607065728263,2.19476870389091,0.0392956467570901,FALSE
1631,"159",2019,59.0678,-49.9492,1070.149,2.508,16.2863809071289,16.2862502713086,2.10980734160732,0.15855739319783,FALSE
1632,"159",2019,59.0678,-49.9492,869.211,2.628,15.9703610021125,15.9698805098398,2.12528568115068,0.252721686376139,FALSE
1633,"159",2019,59.0678,-49.9492,679.45,2.903,16.7207377481321,16.716853628045,2.08876201291782,0.662983499607643,FALSE
1634,"159",2019,59.0678,-49.9492,509.56,3.139,18.1866071568845,18.1856454945362,2.02116086498641,1.24956433176792,FALSE
1635,"159",2019,59.0678,-49.9492,360.176,2.725,17.12955115025,16.3559864459476,2.04492535769365,0.462501519108103,FALSE
1636,"159",2019,59.0678,-49.9492,219.563,2.805,17.0904958525738,16.9109243756856,2.06570843694336,0.546552015206736,FALSE
1637,"159",2019,59.0678,-49.9492,100.551,2.854,16.8764867919609,16.8761526596644,2.08147036953939,0.5968020299396,FALSE
1638,"159",2019,59.0678,-49.9492,49.369,3.169,18.2996416853404,18.2990932309012,2.01613243050978,1.3291036327823,FALSE
1639,"159",2019,59.0678,-49.9492,3.382,3.264,18.3955100848607,18.395445495279,2.0118910540786,1.56777681245641,FALSE
1640,"173",2019,59.481,-49.474,3441.057,2.079,16.1231756489926,14.9103215942298,2.078999997201,7.83439682721797e-18,TRUE
1641,"173",2019,59.481,-49.474,3380.965,1.914,18.0596110541493,14.6095539811152,1.91399999927281,5.28806389880075e-19,TRUE
1642,"173",2019,59.481,-49.474,3300.993,1.705,20.7730357612693,14.5524664669254,1.70499999890492,1.1992051279235e-18,TRUE
1643,"173",2019,59.481,-49.474,3200.096,1.332,25.1370316249028,12.5142714461092,1.33199999862831,1.88154711767354e-18,TRUE
1644,"173",2019,59.481,-49.474,3080.161,1.101,28.0650486676586,11.0572604931935,1.10099999992303,5.92427619149189e-21,TRUE
1645,"173",2019,59.481,-49.474,2950.524,1.147,27.471309053568,11.3662251475751,1.14700000594185,3.53056251040298e-17,TRUE
1646,"173",2019,59.481,-49.474,2790.32,1.307,25.4471323999345,12.3675439367979,1.30699999900732,9.85423158273392e-19,TRUE
1647,"173",2019,59.481,-49.474,2609.674,1.163,27.2659768204768,11.4714238450939,1.16300001257626,1.58162322011923e-16,TRUE
1648,"173",2019,59.481,-49.474,2410.157,1.194,26.8699295369099,11.6719681937386,1.19400004394482,1.93114751753066e-15,TRUE
1649,"173",2019,59.481,-49.474,2190.998,1.307,25.4471323999345,12.3675439367979,1.30699999900732,9.85423158273392e-19,TRUE
1650,"173",2019,59.481,-49.474,1958.976,1.901,18.2113112929219,14.5775361406528,1.90099999925397,5.5655366107825e-19,TRUE
1651,"173",2019,59.481,-49.474,1730.284,2.333,16.223741727227,16.2230669707012,2.11284243175856,0.0484693548539828,FALSE
1652,"173",2019,59.481,-49.474,1499.647,2.319,15.960789050979,15.9602754558929,2.12575733444453,0.0373427277909844,FALSE
1653,"173",2019,59.481,-49.474,1280.041,2.393,14.6076869102363,14.607065728263,2.19476870389091,0.0392956467570901,FALSE
1654,"173",2019,59.481,-49.474,1070.096,2.499,16.1181715628053,16.1150384308543,2.11792889405183,0.14521518778856,FALSE
1655,"173",2019,59.481,-49.474,869.596,2.815,17.0125285605358,17.0118918894182,2.07503613971908,0.547546514521835,FALSE
1656,"173",2019,59.481,-49.474,679.585,2.747,16.6339388936531,16.6329084675535,2.09300104802631,0.42771462918268,FALSE
1657,"173",2019,59.481,-49.474,510.209,2.926,17.0831242484343,17.0828024852385,2.07172757533629,0.729781375540812,FALSE
1658,"173",2019,59.481,-49.474,359.715,2.716,16.5531202992463,16.5314621738778,2.09622656127761,0.384119115345774,FALSE
1659,"173",2019,59.481,-49.474,219.883,2.964,17.213093857072,17.21213621646,2.06562528725973,0.807077124491155,FALSE
1660,"173",2019,59.481,-49.474,100.157,3.159,18.0094975332364,18.0092303741501,2.02913178808978,1.27660217628519,FALSE
1661,"173",2019,59.481,-49.474,49.829,3.235,18.3270203416821,18.3260740510695,2.01490247817668,1.48863796275941,FALSE
1662,"173",2019,59.481,-49.474,24.721,3.301,19.6885438925224,18.0599381294937,1.90413903939909,1.95122054325089,FALSE
1663,"173",2019,59.481,-49.474,4.417,3.248,18.6155007252411,18.6145235741356,2.00216060134702,1.55211580723603,FALSE
1664,"184",2019,59.749,-49.166,3266.826,1.819,19.1718236113899,14.360849578866,1.81899999909574,8.17680525983219e-19,TRUE
1665,"184",2019,59.749,-49.166,3199.821,1.784,19.5833706414442,14.2588386644248,1.78399999901057,9.78966197619889e-19,TRUE
1666,"184",2019,59.749,-49.166,3119.619,1.658,21.2920310259308,14.2948988552468,1.65799999900008,9.99840299741748e-19,TRUE
1667,"184",2019,59.749,-49.166,3019.728,1.611,21.8199811846765,14.0407584916665,1.61099999906925,8.66297483201235e-19,TRUE
1668,"184",2019,59.749,-49.166,2899.294,1.602,21.922165012115,13.9924493842383,1.60199999907931,8.47672471693382e-19,TRUE
1669,"184",2019,59.749,-49.166,2770.242,1.308,25.4346943829996,12.3734606149852,1.30799999899799,1.00401475663398e-18,TRUE
1670,"184",2019,59.749,-49.166,2619.976,1.221,26.5269419840983,11.8431592243462,1.22099999924229,5.74118900879485e-19,TRUE
1671,"184",2019,59.749,-49.166,2455.646,1.271,25.8967393999641,12.1518240261171,1.27099999918619,6.62285121314262e-19,TRUE
1672,"184",2019,59.749,-49.166,2260.039,1.236,26.3371961310552,11.9368871454142,1.23599999923316,5.88037000065992e-19,TRUE
1673,"184",2019,59.749,-49.166,2060.291,1.247,26.1984195292628,12.0050024820772,1.24699999922368,6.02665687788657e-19,TRUE
1674,"184",2019,59.749,-49.166,1850.033,1.541,22.6239242324993,13.6665152359981,1.54099999912119,7.72306083928795e-19,TRUE
1675,"184",2019,59.749,-49.166,1639.832,2.291,15.3994140478292,15.3988466512054,2.15385143859839,0.0188097278945319,FALSE
1676,"184",2019,59.749,-49.166,1430.215,2.364,14.3550926936459,14.3547977034272,2.20816728481432,0.0242838351221417,FALSE
1677,"184",2019,59.749,-49.166,1229.533,2.425,15.0840552362071,15.0834275867295,2.16996230092947,0.0650442279471925,FALSE
1678,"184",2019,59.749,-49.166,1029.511,2.491,16.0075524602004,16.0068426125233,2.12344376144616,0.135097588499849,FALSE
1679,"184",2019,59.749,-49.166,840.087,2.53,15.4381265036145,15.4310401510792,2.15168395187078,0.143123032272108,FALSE
1680,"184",2019,59.749,-49.166,660.526,2.868,16.7795581835514,16.778903197584,2.08606180828609,0.611427335660827,FALSE
1681,"184",2019,59.749,-49.166,480.388,2.706,16.3991878862063,16.3988433616991,2.10432577209336,0.36201187652705,FALSE
1682,"184",2019,59.749,-49.166,329.793,2.903,16.7207377481321,16.716853628045,2.08876201291782,0.662983499607643,FALSE
1683,"184",2019,59.749,-49.166,210.167,2.767,16.7792488231254,16.7791707384159,2.08609475919011,0.463631946962375,FALSE
1684,"184",2019,59.749,-49.166,100.72,3.064,17.8324638540853,17.8311984411178,2.03710733723563,1.0545085408393,FALSE
1685,"184",2019,59.749,-49.166,50.546,3.208,18.2443678572009,18.2430004193868,2.01856882251451,1.41474652597453,FALSE
1686,"184",2019,59.749,-49.166,25.185,3.138,17.9956040743308,17.9928227334444,2.02967867305249,1.22837616376669,FALSE
1687,"184",2019,59.749,-49.166,4.151,3.115,18.095219001828,18.0935403350312,2.02523232033479,1.1875935956429,FALSE
1688,"188",2019,60.1742,-48.678,2897.466,1.81,19.2774084149243,14.3348650897313,1.80999999907187,8.61432335934254e-19,TRUE
1689,"188",2019,60.1742,-48.678,2839.438,1.763,19.8306995676284,14.1944778596831,1.76299999895544,1.09110790057413e-18,TRUE
1690,"188",2019,60.1742,-48.678,2759.457,1.661,21.2586494112578,14.3112423710231,1.66099999899488,1.01025681515079e-18,TRUE
1691,"188",2019,60.1742,-48.678,2660.123,1.258,26.0599599607388,12.0725992247478,1.25799999921028,6.23653225237233e-19,TRUE
1692,"188",2019,60.1742,-48.678,2539.7,1.21,26.6664552064508,11.773801770607,1.20999999924731,5.66537755826221e-19,TRUE
1693,"188",2019,60.1742,-48.678,2399.937,1.117,27.8579634630828,11.1658316413613,1.11700000083632,6.99433578656004e-19,TRUE
1694,"188",2019,60.1742,-48.678,2239.344,1.235,26.3498277915776,11.9306689766894,1.23499999923389,5.86930074137627e-19,TRUE
1695,"188",2019,60.1742,-48.678,2060.636,1.193,26.882668079569,11.6655659641796,1.19300004232979,1.79181143216579e-15,TRUE
1696,"188",2019,60.1742,-48.678,1859.263,1.455,23.6392456747898,13.2044096605906,1.45499996412846,1.28676741100901e-15,TRUE
1697,"188",2019,60.1742,-48.678,1659.27,1.932,17.8477900747009,14.6481763048818,1.93199999928941,5.04943241585907e-19,TRUE
1698,"188",2019,60.1742,-48.678,1458.07,2.387,14.7340255798038,14.7325260998279,2.18810626858688,0.0395587163954344,FALSE
1699,"188",2019,60.1742,-48.678,1259.878,2.262,14.8657899719887,14.8654053592406,2.18126503821176,0.00651813405494911,FALSE
1700,"188",2019,60.1742,-48.678,1059.555,2.38,14.4238243097183,14.4232999931695,2.20450063282649,0.0308000278783014,FALSE
1701,"188",2019,60.1742,-48.678,880.392,2.453,15.2736199189726,15.2708270675683,2.160179369334,0.0857439217436351,FALSE
1702,"188",2019,60.1742,-48.678,709.593,2.685,16.391163934295,16.3904633896058,2.10470300577913,0.33674460150178,FALSE
1703,"188",2019,60.1742,-48.678,559.949,2.831,17.0914318939818,17.0895007540146,2.07128690290143,0.577163989903097,FALSE
1704,"188",2019,60.1742,-48.678,429.961,2.439,15.3523039162274,15.3520075179393,2.15625170476626,0.0799465984575861,FALSE
1705,"188",2019,60.1742,-48.678,309.584,2.647,16.0982584292302,16.0979764990002,2.11899596280847,0.278788263290558,FALSE
1706,"188",2019,60.1742,-48.678,200.386,3.004,17.382078914807,17.3816449001313,2.0577862601195,0.895320441538649,FALSE
1707,"188",2019,60.1742,-48.678,100.483,3.271,18.6981324674091,18.6948715866642,1.99846817519655,1.6193372451376,FALSE
1708,"188",2019,60.1742,-48.678,49.973,3.206,18.1868424695288,18.1857527144822,2.02114630782902,1.4038782718512,FALSE
1709,"188",2019,60.1742,-48.678,20.151,3.21,18.1988974118806,18.1971630235541,2.02058716497659,1.41470289211843,FALSE
1710,"188",2019,60.1742,-48.678,2.945,3.236,18.5592043685742,18.5591444311863,2.00466347319269,1.51618964224988,FALSE
1711,"202",2019,60.4477,-48.3645,134.183,3.56,18.9576452196328,18.9569945782652,1.98726191488091,2.47350508438405,FALSE
1712,"202",2019,60.4477,-48.3645,99.968,3.794,19.3988575412034,19.396923382779,1.96831146041695,3.33313864356488,FALSE
1713,"202",2019,60.4477,-48.3645,50.278,3.804,19.6599474398049,19.6498153591714,1.95702792068893,3.41130586175466,FALSE
1714,"202",2019,60.4477,-48.3645,20.416,3.743,19.5661084781825,19.5658559362728,1.96128679557987,3.17450194280506,FALSE
1715,"202",2019,60.4477,-48.3645,3.458,4.062,19.0591730716643,19.0556565233025,1.98278927082814,4.3231172563034,FALSE
1716,"210",2019,60.5633,-48.2258,138.082,3.564,19.4098616466695,19.4075479063099,1.9678323868377,2.54775104930825,FALSE
1717,"210",2019,60.5633,-48.2258,100.258,3.767,19.3536940715196,19.3535169132065,1.97028620388692,3.22818046514309,FALSE
1718,"210",2019,60.5633,-48.2258,50.378,3.911,18.964500091924,18.9410163873721,1.98624771572063,3.70467135583867,FALSE
1719,"210",2019,60.5633,-48.2258,19.937,3.845,19.7439024123396,19.736435925427,1.95359117388977,3.57742734748769,FALSE
1720,"210",2019,60.5633,-48.2258,3.457,3.823,19.5201977818565,19.5185724909635,1.96318161336916,3.45892443125015,FALSE
1721,"213",2019,60.6203,-48.1667,101.068,3.618,19.1128984775194,19.1089150190599,1.98046307008789,2.68152719682599,FALSE
1722,"213",2019,60.6203,-48.1667,103.106,3.494,18.806805404096,18.7899679464069,1.99329897407731,2.25210356920542,FALSE
1723,"213",2019,60.6203,-48.1667,50.315,3.818,19.4198239514856,19.4102390251994,1.96718156776017,3.4255288691187,FALSE
1724,"213",2019,60.6203,-48.1667,19.745,3.702,19.4934830649856,19.4932117240417,1.96435336693462,3.01941582140347,FALSE
1725,"213",2019,60.6203,-48.1667,9.531,3.861,19.7789371677044,19.7581471811212,1.95170852564041,3.64539393406222,FALSE
1726,"213",2019,60.6203,-48.1667,3.05,3.725,19.2758135750412,19.2719274818316,1.97348858939243,3.0677922214885,FALSE
1727,"217",2019,60.3717,-48.4175,1361.004,1.878,18.4801734250029,14.5196079661748,1.87799999921658,6.13739235455674e-19,TRUE
1728,"217",2019,60.3717,-48.4175,1111.029,2.131,15.5296377818857,15.0167155497454,2.13099999810778,3.5805088920392e-18,TRUE
1729,"217",2019,60.3717,-48.4175,999.564,2.177,15.0877389396693,15.0873056202524,2.16977882789433,5.21453265797718e-05,FALSE
1730,"217",2019,60.3717,-48.4175,801.332,2.374,14.3461438969128,14.3457030329262,2.20864004113272,0.0273439159965894,FALSE
1731,"217",2019,60.3717,-48.4175,600.796,2.618,15.9038396117081,15.9031280701905,2.12856780693432,0.239543871609081,FALSE
1732,"217",2019,60.3717,-48.4175,450.243,2.696,16.3464012832337,16.3461999205794,2.10688864322542,0.347052190680781,FALSE
1733,"217",2019,60.3717,-48.4175,349.962,2.976,17.3144396974663,17.3135766175081,2.06090996264254,0.837389776470874,FALSE
1734,"217",2019,60.3717,-48.4175,251.415,3.225,18.3232756587111,18.30699156893,2.014585709492,1.46510275466598,FALSE
1735,"217",2019,60.3717,-48.4175,101.298,3.296,18.5108448711482,18.5073503843528,2.00668533684277,1.66233230063224,FALSE
1736,"217",2019,60.3717,-48.4175,50.424,3.619,19.0683785182584,19.0683291109327,1.98250174250271,2.67812654679165,FALSE
1737,"217",2019,60.3717,-48.4175,2.901,3.987,18.9140659387201,18.9118286640749,1.98909899693776,3.99160841803712,FALSE
1738,"328",2019,55.2632,-53.995,2091.882,1.35,24.9148768786753,12.6184199847347,1.34999999804101,3.8376464883211e-18,TRUE
1739,"328",2019,55.2632,-53.995,1898.978,1.287,25.696476090653,12.2483586412305,1.28699999913518,7.47915541264528e-19,TRUE
1740,"328",2019,55.2632,-53.995,1809.85,1.283,25.746476828028,12.2243247767598,1.28299999915096,7.20868081676234e-19,TRUE
1741,"328",2019,55.2632,-53.995,1690.016,1.435,23.8793787604486,13.0952170720511,1.43499997924136,4.30920937658075e-16,TRUE
1742,"328",2019,55.2632,-53.995,1549.686,1.582,22.1504953886079,13.8853801947978,1.58199999909768,8.14179773239708e-19,TRUE
1743,"328",2019,55.2632,-53.995,1390.074,2.107,15.8061427605841,14.976011544443,2.1069999992852,5.10941257715958e-19,TRUE
1744,"328",2019,55.2632,-53.995,1209.957,2.234,14.1229592195248,14.1228510327555,2.22062447387287,0.000178904699177638,FALSE
1745,"328",2019,55.2632,-53.995,1029.364,2.48,15.9232967640011,15.9228381912922,2.12761261249317,0.124176870873888,FALSE
1746,"328",2019,55.2632,-53.995,850.218,2.32,15.9199065706384,15.9189520341347,2.127764693391,0.0369544131070558,FALSE
1747,"328",2019,55.2632,-53.995,669.797,2.481,16.2869538347308,15.8229433955352,2.09504848609499,0.148958571085569,FALSE
1748,"328",2019,55.2632,-53.995,509.606,2.551,15.4475896457191,15.4473926209813,2.15142286634183,0.159661885742478,FALSE
1749,"328",2019,55.2632,-53.995,369.806,2.774,16.8129489279541,16.8129338156612,2.08449456973018,0.475417738371563,FALSE
1750,"328",2019,55.2632,-53.995,250.15,2.852,16.5603895345878,16.5598526182575,2.09654499356741,0.570712266744067,FALSE
1751,"328",2019,55.2632,-53.995,159.435,2.896,17.1110656685502,17.1104986790367,2.07040927052155,0.681600052600767,FALSE
1752,"328",2019,55.2632,-53.995,99.817,2.952,17.1731468696422,17.1585964696795,2.0670615277635,0.783116099644268,FALSE
1753,"328",2019,55.2632,-53.995,49.878,3.003,17.3634019177408,17.3633648596495,2.05866413291356,0.891770229865899,FALSE
1754,"328",2019,55.2632,-53.995,19.808,3.276,18.4793469240859,18.4792383915879,2.00818161522664,1.60736345676934,FALSE
1755,"328",2019,55.2632,-53.995,3.407,3.369,18.8626268608616,18.8604818705724,1.99133365150608,1.89796456777257,FALSE
1756,"332",2019,55.1127,-54.1412,919.845,2.635,16.0403372872952,16.0399507088243,2.12183931598299,0.263333887620805,FALSE
1757,"332",2019,55.1127,-54.1412,839.999,2.594,15.8110442695796,15.8107941295366,2.13318809009019,0.212347616314731,FALSE
1758,"332",2019,55.1127,-54.1412,700.72,2.804,16.9574069462384,16.9571714020091,2.07764724164516,0.527588329569683,FALSE
1759,"332",2019,55.1127,-54.1412,559.755,2.808,16.9845046980073,16.9819735372217,2.07629652054529,0.535389981846133,FALSE
1760,"332",2019,55.1127,-54.1412,410.566,2.854,16.8764867919609,16.8761526596644,2.08147036953939,0.5968020299396,FALSE
1761,"332",2019,55.1127,-54.1412,299.764,2.826,17.0658694730804,17.0653775397545,2.07253233189,0.567713526887127,FALSE
1762,"332",2019,55.1127,-54.1412,200.172,2.727,16.5889213665306,16.5882584354105,2.09517086711174,0.399208053166336,FALSE
1763,"332",2019,55.1127,-54.1412,99.42,2.832,17.0942531227774,17.0938550498697,2.07120298222881,0.578812102249542,FALSE
1764,"332",2019,55.1127,-54.1412,50.113,3.127,17.9462244134493,17.9453667929044,2.03196785066726,1.19909540807227,FALSE
1765,"332",2019,55.1127,-54.1412,29.719,3.223,18.2947608051228,18.2939762541072,2.01634217784672,1.4560230997637,FALSE
1766,"332",2019,55.1127,-54.1412,9.677,3.531,18.9542224684475,18.9149353194891,1.98619526362742,2.38642167351917,FALSE
1767,"332",2019,55.1127,-54.1412,3.459,3.61,19.4940447546432,19.4792277835777,1.96387351933152,2.70973239035798,FALSE
1768,"336",2019,54.957,-54.3065,353.49,2.889,16.658968691003,16.6585439241371,2.09182213450903,0.63549254922874,FALSE
1769,"336",2019,54.957,-54.3065,250.454,2.921,17.1989919629268,17.1938087492993,2.06615003955487,0.730768454873043,FALSE
1770,"336",2019,54.957,-54.3065,200.161,2.923,16.8279181474182,16.8274453239218,2.08376921561603,0.704308309457734,FALSE
1771,"336",2019,54.957,-54.3065,151.09,3.233,18.2942577056251,18.2927853073753,2.01634289895469,1.48025450152399,FALSE
1772,"336",2019,54.957,-54.3065,100.567,3.441,18.9994670049411,18.9972393380083,1.98540477999638,2.11875744449738,FALSE
1773,"336",2019,54.957,-54.3065,50.605,3.538,19.3117072096614,19.3114651039416,1.97207204031795,2.452130374914,FALSE
1774,"336",2019,54.957,-54.3065,30.16,3.421,18.940863097946,18.9337165998704,1.98778399429698,2.05410811900331,FALSE
1775,"336",2019,54.957,-54.3065,10.023,3.926,19.1624926840626,19.1562249102866,1.97826219123754,3.7936825716828,FALSE
1776,"336",2019,54.957,-54.3065,3.739,3.982,19.2335200894418,19.2306253400766,1.97532651889107,4.02673845978583,FALSE
1777,"340",2019,54.7632,-54.4915,233.637,2.939,17.1318740687648,17.1049055309603,2.06860012702649,0.757595938872307,FALSE
1778,"340",2019,54.7632,-54.4915,201.187,3.312,19.69553708869,18.1070670171811,1.90515257226882,1.97921968491385,FALSE
1779,"340",2019,54.7632,-54.4915,149.976,3.583,19.440287396274,19.4162345339468,1.96585989706029,2.61514211253587,FALSE
1780,"340",2019,54.7632,-54.4915,99.755,3.471,19.4239877490211,19.077748423058,1.9564020681845,2.2940068950598,FALSE
1781,"340",2019,54.7632,-54.4915,52.095,3.593,19.4670602888827,19.4571437933651,1.9651691226714,2.6498333651844,FALSE
1782,"340",2019,54.7632,-54.4915,29.991,3.686,19.4332992710849,19.4311882813808,1.9668444415143,2.95549583427229,FALSE
1783,"340",2019,54.7632,-54.4915,10.397,3.808,19.3483662350789,19.3475052961939,1.9704914469153,3.37643768265942,FALSE
1784,"340",2019,54.7632,-54.4915,3.451,3.999,19.1172830747295,19.1169500816081,1.98038929778492,4.07478916709726,FALSE
1785,"345",2019,54.4902,-54.7588,186.361,3.421,18.940863097946,18.9337165998704,1.98778399429698,2.05410811900331,FALSE
1786,"345",2019,54.4902,-54.7588,99.377,3.569,19.3667854474236,19.3655995481738,1.96969774905962,2.55776768986296,FALSE
1787,"345",2019,54.4902,-54.7588,50.107,3.594,19.4405051352396,19.4399611016354,1.96658807797639,2.64846956394457,FALSE
1788,"345",2019,54.4902,-54.7588,30.296,3.85,19.5264482678457,19.5040355837918,1.96226579403498,3.56354043237037,FALSE
1789,"345",2019,54.4902,-54.7588,10.019,4.101,19.2029459585121,19.1601069168147,1.97538005733173,4.51826014066906,FALSE
1790,"345",2019,54.4902,-54.7588,3.219,4.093,18.8199822224434,18.8187425962022,1.99321601034822,4.40909280319796,FALSE
1791,"36",2020,54.4905,-54.7628,150.765,3.867,19.6767773731512,19.6706737907424,2.04410764987237,3.32293652015384,FALSE
1792,"36",2020,54.4905,-54.7628,99.762,3.612,20.2527111659217,20.2478170636684,2.01929935088159,2.53669535770221,FALSE
1793,"36",2020,54.4905,-54.7628,49.511,3.821,20.6127313244591,20.6028898032295,2.00390606000208,3.30183038677715,FALSE
1794,"36",2020,54.4905,-54.7628,19.858,3.86,20.6745437072239,20.6734129565214,2.00159573826672,3.45366640002843,FALSE
1795,"36",2020,54.4905,-54.7628,3.165,3.257,18.9291660345729,18.9129545027563,2.07694436944177,1.39253129121219,FALSE
1796,"40",2020,53.9893,-55.2487,141.335,3.567,20.1293326273375,20.1240630052184,2.02455992066185,2.37912139834867,FALSE
1797,"40",2020,53.9893,-55.2487,100.017,3.374,19.3968057361451,19.3962153686318,2.05658586549973,1.73558000178108,FALSE
1798,"40",2020,53.9893,-55.2487,50.186,3.823,20.6176590873721,20.6171712599205,2.00400238260546,3.30875233208702,FALSE
1799,"40",2020,53.9893,-55.2487,20.423,3.813,20.6463439200017,20.6442578265773,2.00274680764459,3.27701662043294,FALSE
1800,"40",2020,53.9893,-55.2487,3.274,3.366,19.31847655271,19.3182224529894,2.06006380195979,1.70546935335171,FALSE
1801,"44",2020,53.6653,-55.5507,136.687,3.594,20.2496375585791,20.238134163259,2.01921546994076,2.47994631611389,FALSE
1802,"44",2020,53.6653,-55.5507,99.991,3.63,20.3064275249044,20.3060900786933,2.01716020475925,2.60125220511221,FALSE
1803,"44",2020,53.6653,-55.5507,49.709,3.735,20.4908138446158,20.483257750296,2.00911320491974,2.97868522943239,FALSE
1804,"44",2020,53.6653,-55.5507,19.871,3.61,20.1776273019794,20.176287818115,2.02262059700641,2.51977336904828,FALSE
1805,"44",2020,53.6653,-55.5507,2.943,3.343,19.5839950059958,19.5834501479131,2.04834864484189,1.67612213141274,FALSE
1806,"48",2020,53.7995,-55.4313,194.937,3.505,19.8548251149577,19.8535840749121,2.03652058651789,2.15643178782075,FALSE
1807,"48",2020,53.7995,-55.4313,150.34,3.465,19.7306434528656,19.7304228926239,2.04195019180348,2.02507075660815,FALSE
1808,"48",2020,53.7995,-55.4313,99.576,3.689,20.4484728800692,20.4461601901287,2.01107213683622,2.81544191398137,FALSE
1809,"48",2020,53.7995,-55.4313,49.659,3.761,20.5194225116998,20.5189325709205,2.00813564984915,3.07253343002978,FALSE
1810,"48",2020,53.7995,-55.4313,20.051,3.867,19.6767773731512,19.6706737907424,2.04410764987237,3.32293652015384,FALSE
1811,"48",2020,53.7995,-55.4313,3.289,3.097,18.6275727497913,18.6269833566834,2.09114108012242,1.0117521666973,FALSE
1812,"49",2020,54.2215,-55.0213,158.33,3.34,19.4471639442755,19.4465105773867,2.05436097849761,1.65286769360963,FALSE
1813,"49",2020,54.2215,-55.0213,140.458,3.001,18.0739260592371,17.8671053351526,2.10992070184929,0.794022315592753,FALSE
1814,"49",2020,54.2215,-55.0213,100.551,3.477,19.9698618272257,19.9690800771079,2.03156165611312,2.08929200597844,FALSE
1815,"49",2020,54.2215,-55.0213,50.485,3.565,20.0733565165175,20.0725865620528,2.02710758354498,2.36511308458987,FALSE
1816,"49",2020,54.2215,-55.0213,20.165,3.43,19.8403467115768,19.8393894976227,2.03715755161127,1.94001008603352,FALSE
1817,"49",2020,54.2215,-55.0213,3.251,2.971,17.7761001164935,17.7753240407512,2.13075218675444,0.706016387663951,FALSE
1818,"53",2020,54.7617,-54.487,235.037,3.155,18.4164338895827,18.4154491769067,2.10081485090807,1.11130632856598,FALSE
1819,"53",2020,54.7617,-54.487,199.877,3.162,19.7415814662972,18.3067225062874,1.99396830981987,1.36429802926506,FALSE
1820,"53",2020,54.7617,-54.487,150.022,3.275,19.2526264916639,19.2524074601815,2.06298849456909,1.4689718892969,FALSE
1821,"53",2020,54.7617,-54.487,100.611,3.397,19.6791201367769,19.6645778904431,2.04372980259767,1.83134022717735,FALSE
1822,"53",2020,54.7617,-54.487,49.496,3.536,19.9892167553722,19.9888858074975,2.03074183162558,2.26580215345792,FALSE
1823,"53",2020,54.7617,-54.487,30.025,3.613,20.2536711190256,20.2477889308523,2.0192263057634,2.54011458844059,FALSE
1824,"53",2020,54.7617,-54.487,20.042,3.655,20.3630328134502,20.3521819789102,2.01441386982003,2.69152285053888,FALSE
1825,"53",2020,54.7617,-54.487,3.241,2.971,17.7761001164935,17.7753240407512,2.13075218675444,0.706016387663951,FALSE
1826,"57",2020,54.9552,-54.2925,358.851,3.154,18.9054708657121,18.90492702761,2.07852715333627,1.15664184391098,FALSE
1827,"57",2020,54.9552,-54.2925,249.836,3.375,19.6455503317802,19.6451639761749,2.04565881749817,1.76714797949538,FALSE
1828,"57",2020,54.9552,-54.2925,200.161,3.507,19.9283959559988,19.9282030240308,2.03337096713166,2.17158252651249,FALSE
1829,"57",2020,54.9552,-54.2925,150.835,3.631,20.2851066765245,20.2832434471198,2.01801786371403,2.60171137197766,FALSE
1830,"57",2020,54.9552,-54.2925,99.425,3.779,20.5680106195716,20.5604032495959,2.00585836383766,3.14403126189245,FALSE
1831,"57",2020,54.9552,-54.2925,49.797,3.891,20.6608204605059,20.6542006384349,2.0019929050418,3.56834780480242,FALSE
1832,"57",2020,54.9552,-54.2925,20.345,4.087,20.6462670680807,20.6373501097017,2.00252862135147,4.34502092840492,FALSE
1833,"57",2020,54.9552,-54.2925,3.585,3.593,20.2739346652235,20.2736907637288,2.01854621074888,2.47890473448721,FALSE
1834,"61",2020,55.1095,-54.1357,909.313,2.743,16.9532369639071,16.9532368869622,2.17051056987394,0.327744147606065,FALSE
1835,"61",2020,55.1095,-54.1357,859.055,2.976,17.8011885355955,17.8006353416288,2.12957090196607,0.716442217998532,FALSE
1836,"61",2020,55.1095,-54.1357,788.588,2.797,17.013450514726,17.0132571691273,2.167546594838,0.396211589270038,FALSE
1837,"61",2020,55.1095,-54.1357,702.187,2.917,17.501962469333,17.501545074494,2.14383881370514,0.59777821999287,FALSE
1838,"61",2020,55.1095,-54.1357,599.713,2.81,16.7847314076774,16.7843667168098,2.17881824223631,0.398390411333657,FALSE
1839,"61",2020,55.1095,-54.1357,500.018,2.968,17.7702829370449,17.7694299468461,2.13102544339315,0.70052640840724,FALSE
1840,"61",2020,55.1095,-54.1357,400.472,2.979,17.8140899354295,17.8133319317804,2.12895341344043,0.722579199321584,FALSE
1841,"61",2020,55.1095,-54.1357,300.499,3.219,19.0042872865604,19.0038247700554,2.07408021967375,1.31084130338232,FALSE
1842,"61",2020,55.1095,-54.1357,200.505,3.299,19.0542814323502,19.0528812086619,2.07180546926178,1.50600641627381,FALSE
1843,"61",2020,55.1095,-54.1357,99.928,3.588,20.1550264610821,20.1548442457096,2.023625143816,2.44726869066071,FALSE
1844,"61",2020,55.1095,-54.1357,49.394,3.629,20.3112731315945,20.307190221624,2.01683241024621,2.59908433745254,FALSE
1845,"61",2020,55.1095,-54.1357,19.587,3.831,19.6591586013356,19.6526958525464,2.04486555175696,3.19027626720047,FALSE
1846,"61",2020,55.1095,-54.1357,9.503,3.763,20.5562985911193,20.5497156389155,2.00638448840723,3.08569805556832,FALSE
1847,"61",2020,55.1095,-54.1357,2.772,3.407,19.7468802238236,19.7465724926374,2.04124017498883,1.86529989961454,FALSE
1848,"66",2020,55.2628,-53.9923,2019.013,1.533,23.5891947121846,13.2651837131018,1.53299999914528,7.30549818479569e-19,TRUE
1849,"66",2020,55.2628,-53.9923,1900.341,1.503,23.9328050088731,13.0974796983208,1.5029999700575,8.96553122183787e-16,TRUE
1850,"66",2020,55.2628,-53.9923,1810.061,1.529,23.6348138101133,13.242865912533,1.52899994714724,2.79341371757975e-15,TRUE
1851,"66",2020,55.2628,-53.9923,1689.49,1.627,22.5343847070679,13.7882109480208,1.62699999915377,7.16098781945565e-19,TRUE
1852,"66",2020,55.2628,-53.9923,1549.188,1.886,19.45875615012,14.5381661185756,1.88599999908519,8.36883846338454e-19,TRUE
1853,"66",2020,55.2628,-53.9923,1389.512,2.198,16.0074140563507,15.4063473810271,2.19799999849309,2.27076348441913e-18,TRUE
1854,"66",2020,55.2628,-53.9923,1210.277,2.473,15.2460989110024,15.2458936394085,2.25785859720084,0.0462858231983917,FALSE
1855,"66",2020,55.2628,-53.9923,1030.219,2.612,16.0684330257951,16.0683299280602,2.21491816751311,0.157673981691149,FALSE
1856,"66",2020,55.2628,-53.9923,850.046,2.775,16.6195811984792,16.6194316450481,2.18704162647553,0.345695048997545,FALSE
1857,"66",2020,55.2628,-53.9923,669.555,3.062,18.2253058235667,18.2247070745133,2.10967338680437,0.906925978200659,FALSE
1858,"66",2020,55.2628,-53.9923,509.997,2.925,17.4765670172815,17.4755084447544,2.14503694058518,0.608342374051724,FALSE
1859,"66",2020,55.2628,-53.9923,369.711,2.936,17.6032930815832,17.6030056339873,2.13899163076165,0.635222340635978,FALSE
1860,"66",2020,55.2628,-53.9923,249.973,3.012,17.9787661585859,17.9787323198089,2.12121233306813,0.79350266755792,FALSE
1861,"66",2020,55.2628,-53.9923,159.231,2.989,17.8721821309613,17.8715387132555,2.12621152791552,0.744403947561874,FALSE
1862,"66",2020,55.2628,-53.9923,99.826,3.167,19.7213575776507,18.3526336703734,1.99706225379213,1.36875433000195,FALSE
1863,"66",2020,55.2628,-53.9923,49.403,3.647,20.369659011306,20.366826048508,2.01439321247856,2.66540492266108,FALSE
1864,"66",2020,55.2628,-53.9923,19.621,3.697,20.4245540941189,20.4142065586474,2.01182311284191,2.83982114101182,FALSE
1865,"66",2020,55.2628,-53.9923,3.246,3.389,19.6311849319123,19.6310177928194,2.04629429420986,1.80285861236141,FALSE
1866,"70",2020,55.4218,-53.826,2715.145,1.879,19.5373727621691,14.5144268426512,1.87899999907976,8.46845531337243e-19,TRUE
1867,"70",2020,55.4218,-53.826,2591.261,1.855,19.8084049208741,14.4339465560721,1.85499999908164,8.4339293887178e-19,TRUE
1868,"70",2020,55.4218,-53.826,2509.533,1.693,21.8132152350074,14.1574717812255,1.69299999910915,7.93610665158739e-19,TRUE
1869,"70",2020,55.4218,-53.826,2290.329,1.359,25.6282902024774,12.2718700257791,1.35899999882994,1.36903428258843e-18,TRUE
1870,"70",2020,55.4218,-53.826,2148.634,1.257,26.8725844095519,11.6518783654351,1.25699999918736,6.60388027617659e-19,TRUE
1871,"70",2020,55.4218,-53.826,1990.993,1.534,23.5777995207491,13.270761377706,1.53399999914542,7.30311466174963e-19,TRUE
1872,"70",2020,55.4218,-53.826,1810.525,1.398,25.161766244372,12.5001580180353,1.39799999773862,5.11382029770699e-18,TRUE
1873,"70",2020,55.4218,-53.826,1610.797,1.861,19.7404673488922,14.4540195031108,1.86099999907865,8.4888602025689e-19,TRUE
1874,"70",2020,55.4218,-53.826,1409.626,2.452,15.1823976024233,15.1811983088275,2.26122229199021,0.0363961338734697,FALSE
1875,"70",2020,55.4218,-53.826,1210.871,2.66,16.4156791240557,16.4153266344378,2.19726510468664,0.21412358334067,FALSE
1876,"70",2020,55.4218,-53.826,1028.69,2.528,15.5638260642752,15.563354025045,2.24106025604374,0.0823344166616812,FALSE
1877,"70",2020,55.4218,-53.826,850.158,2.724,16.8462786395819,16.8460796203667,2.17577752713503,0.300547879754184,FALSE
1878,"70",2020,55.4218,-53.826,670.101,2.85,17.1545386021382,17.1531613048382,2.16060889591606,0.475260094390078,FALSE
1879,"70",2020,55.4218,-53.826,509.489,2.882,17.4709808203494,17.4707706150171,2.14533337395562,0.542677717927618,FALSE
1880,"70",2020,55.4218,-53.826,369.891,2.782,16.6688057408669,16.668618734088,2.18458497031762,0.356904717690401,FALSE
1881,"70",2020,55.4218,-53.826,149.872,3.256,19.0382455787089,19.0288378311724,2.07226216553334,1.40123526074782,FALSE
1882,"70",2020,55.4218,-53.826,99.153,3.143,18.6245173169229,18.6219309813719,2.09121499582279,1.10625169501204,FALSE
1883,"70",2020,55.4218,-53.826,48.816,3.584,20.1447248261263,20.1413325011514,2.02396171796656,2.43371944140986,FALSE
1884,"70",2020,55.4218,-53.826,20.201,3.498,19.915527420988,19.9083934262052,2.03370091085191,2.14417182247993,FALSE
1885,"70",2020,55.4218,-53.826,3.114,3.13,18.6271817441843,18.6269387037873,2.09117031988431,1.07916710428926,FALSE
1886,"74",2020,55.6135,-53.6273,2946.569,1.892,19.3910601024704,14.5575701534955,1.89199999908348,8.4000275205509e-19,TRUE
1887,"74",2020,55.6135,-53.6273,2880.61,1.833,20.0569802314271,14.3571779392547,1.83299999907528,8.55103116611867e-19,TRUE
1888,"74",2020,55.6135,-53.6273,2800.974,1.772,20.9723680208124,14.6111826562727,1.77199999879404,1.45434969359307e-18,TRUE
1889,"74",2020,55.6135,-53.6273,2689.114,1.507,23.8867943662272,13.1198885030383,1.50699996721996,1.07453070317266e-15,TRUE
1890,"74",2020,55.6135,-53.6273,2559.196,1.514,23.8064207410528,13.1590647070433,1.51399996169708,1.46711398263605e-15,TRUE
1891,"74",2020,55.6135,-53.6273,2418.477,1.39,25.2570325554752,12.4536746911845,1.38999999808778,3.65657999591609e-18,TRUE
1892,"74",2020,55.6135,-53.6273,2268.855,1.415,24.9600752227533,12.5983913918524,1.41499999664087,1.12837653715785e-17,TRUE
1893,"74",2020,55.6135,-53.6273,2109.384,1.386,25.3047497314166,12.4303687404496,1.38599999823168,3.12696403046891e-18,TRUE
1894,"74",2020,55.6135,-53.6273,1939.385,1.316,26.1486699449512,12.0148180445645,1.31599999911879,7.76532227293367e-19,TRUE
1895,"74",2020,55.6135,-53.6273,1760.529,1.579,23.068909171209,13.5212633787144,1.57899999915204,7.19035280417289e-19,TRUE
1896,"74",2020,55.6135,-53.6273,1570.213,1.929,18.9754170427267,14.6761732267809,1.9289999990905,8.27189498306127e-19,TRUE
1897,"74",2020,55.6135,-53.6273,1379.192,2.214,15.8363397823201,15.4497321323208,2.21399999878888,1.46681403130029e-18,TRUE
1898,"74",2020,55.6135,-53.6273,1178.949,2.559,16.0057704927686,16.0054237742576,2.21812453459172,0.11619608291731,FALSE
1899,"74",2020,55.6135,-53.6273,989.802,2.499,15.3884209312091,15.3864614638118,2.25024849844132,0.0618773095276986,FALSE
1900,"74",2020,55.6135,-53.6273,809.639,2.621,16.1367287086392,16.1359584804503,2.21140325936097,0.16776948994212,FALSE
1901,"74",2020,55.6135,-53.6273,640.263,2.775,16.6195811984792,16.6194316450481,2.18704162647553,0.345695048997545,FALSE
1902,"74",2020,55.6135,-53.6273,490.081,2.895,17.4279085741733,17.4275896777017,2.14740150105008,0.558903515632174,FALSE
1903,"74",2020,55.6135,-53.6273,349.766,2.819,16.8263829625681,16.8258524084726,2.17675032520851,0.412484644769775,FALSE
1904,"74",2020,55.6135,-53.6273,220.752,2.967,17.9815981316599,17.9806437698564,2.12104893556477,0.715633203419096,FALSE
1905,"74",2020,55.6135,-53.6273,99.655,3.151,18.8903034788477,18.8898106868377,2.07921347357057,1.14872635823566,FALSE
1906,"74",2020,55.6135,-53.6273,49.853,3.413,19.5271502610891,19.5257698906857,2.05081633419301,1.85554433939136,FALSE
1907,"74",2020,55.6135,-53.6273,29.662,3.406,19.4984834375918,19.4969813146972,2.05207285234974,1.83311872114437,FALSE
1908,"74",2020,55.6135,-53.6273,10.234,2.823,17.0246766234853,17.0231969460302,2.16695350139065,0.430397008337587,FALSE
1909,"74",2020,55.6135,-53.6273,2.704,2.852,17.0224443584226,17.0218948273109,2.16709373560859,0.469096591002595,FALSE
1910,"79",2020,55.8437,-53.3905,3162.098,1.885,19.4698068986539,14.5343918689405,1.88499999908123,8.44135771110425e-19,TRUE
1911,"79",2020,55.8437,-53.3905,3099.783,1.858,19.7745938110501,14.4443607961678,1.85799999908335,8.4025064256767e-19,TRUE
1912,"79",2020,55.8437,-53.3905,3020.778,1.794,20.4998833845334,14.2182173642216,1.79399999908513,8.36980945015163e-19,TRUE
1913,"79",2020,55.8437,-53.3905,2900.041,1.435,24.7241133698978,12.7130863091029,1.43499999443426,3.09774899494317e-17,TRUE
1914,"79",2020,55.8437,-53.3905,2809.083,1.357,25.6523557139099,12.2600439310952,1.35699999885578,1.30924359258123e-18,TRUE
1915,"79",2020,55.8437,-53.3905,2690.243,1.375,25.4362589628765,12.3660489415491,1.37499999854251,2.1242742386512e-18,TRUE
1916,"79",2020,55.8437,-53.3905,2579.621,1.342,25.8332796436038,12.1709540384205,1.34199999899975,1.00050027248353e-18,TRUE
1917,"79",2020,55.8437,-53.3905,2409.361,1.31,26.2217708306442,11.9784664442494,1.30999999913324,7.51276356861346e-19,TRUE
1918,"79",2020,55.8437,-53.3905,2230.472,1.286,26.5153534608962,11.8318156919006,1.28599999916797,6.92270596197459e-19,TRUE
1919,"79",2020,55.8437,-53.3905,2010.023,1.597,22.8674696172045,13.6213360078956,1.59699999915398,7.15747076410996e-19,TRUE
1920,"79",2020,55.8437,-53.3905,1789.852,1.657,22.2045839080459,13.9554960664712,1.65699999914461,7.31696578154308e-19,TRUE
1921,"79",2020,55.8437,-53.3905,1551.348,2.281,15.5375333789124,15.536614028542,2.24242523043289,0.0014880128471553,FALSE
1922,"79",2020,55.8437,-53.3905,1309.571,2.503,15.3830432964821,15.3829139537291,2.25059366511541,0.0637089578898704,FALSE
1923,"79",2020,55.8437,-53.3905,1090.764,2.694,16.6821014424968,16.6811824572376,2.18389844863029,0.260203592709789,FALSE
1924,"79",2020,55.8437,-53.3905,888.317,2.728,16.8693300377063,16.8691161320704,2.17463832689828,0.30620914125794,FALSE
1925,"79",2020,55.8437,-53.3905,709.648,2.565,16.1200516983921,16.1147885564261,2.21210608481261,0.124534115376286,FALSE
1926,"79",2020,55.8437,-53.3905,400.051,3.021,18.2236739916753,18.2158044066279,2.10950973881721,0.83081449623107,FALSE
1927,"79",2020,55.8437,-53.3905,288.826,2.779,16.8172076522694,16.8169387961622,2.1772129830895,0.362147613722044,FALSE
1928,"79",2020,55.8437,-53.3905,189.822,2.985,17.845447380669,17.8448393624851,2.12747540980476,0.735348422789511,FALSE
1929,"79",2020,55.8437,-53.3905,99.562,3.138,18.8372250987433,18.8370541097273,2.0816234781381,1.11593135594104,FALSE
1930,"79",2020,55.8437,-53.3905,50.399,3.361,19.519860368442,19.5015031975443,2.05058177374119,1.71719592771129,FALSE
1931,"79",2020,55.8437,-53.3905,24.772,3.257,18.9291660345729,18.9129545027563,2.07694436944177,1.39253129121219,FALSE
1932,"79",2020,55.8437,-53.3905,2.932,2.759,17.0439217649298,17.0433861873442,2.16604164558074,0.351599610075602,FALSE
1933,"83",2020,56.1188,-53.1217,3380.672,2.032,17.8270977168052,14.9801977376125,2.03199999912313,7.68897334419094e-19,TRUE
1934,"83",2020,56.1188,-53.1217,3299.838,1.956,18.6734608405334,14.7602402985421,1.95599999910096,8.08270841890968e-19,TRUE
1935,"83",2020,56.1188,-53.1217,3221.276,1.708,21.6516087274757,14.2422835239726,1.70799999908125,8.44108026302831e-19,TRUE
1936,"83",2020,56.1188,-53.1217,3000.735,1.287,26.5030834256995,11.8379665111694,1.28699999916701,6.93871062537176e-19,TRUE
1937,"83",2020,56.1188,-53.1217,2859.071,1.137,28.3787247896181,10.8738491178581,1.1369999994937,2.56338904999973e-19,TRUE
1938,"83",2020,56.1188,-53.1217,2699.793,1.16,28.0866447984806,11.0272435514221,1.16000000034304,1.17677840671667e-19,TRUE
1939,"83",2020,56.1188,-53.1217,2519.179,1.195,27.645234663539,11.2567494286088,1.19500000618963,3.83114993018267e-17,TRUE
1940,"83",2020,56.1188,-53.1217,2319.352,1.13,28.4679311262965,10.8267556117829,1.12999999939252,3.69033919321322e-19,TRUE
1941,"83",2020,56.1188,-53.1217,2098.093,1.186,27.7583840915141,11.1981830307627,1.1860000037234,1.38636945756386e-17,TRUE
1942,"83",2020,56.1188,-53.1217,1879.05,1.713,21.5979375035045,14.2706667714213,1.7129999990696,8.65647840077292e-19,TRUE
1943,"83",2020,56.1188,-53.1217,1640.718,2.172,16.2864082525768,15.3354002940245,2.17199999763898,5.57442928881823e-18,TRUE
1944,"83",2020,56.1188,-53.1217,1399.855,2.57,15.9084638550899,15.9081026038747,2.22313429033586,0.120315820540806,FALSE
1945,"83",2020,56.1188,-53.1217,1180.219,2.6,16.5713550977578,16.5711933502166,2.18945220113756,0.168549495150797,FALSE
1946,"83",2020,56.1188,-53.1217,961.413,2.628,16.2023091954359,16.2011422313833,2.20804657845377,0.17636087626839,FALSE
1947,"83",2020,56.1188,-53.1217,760.497,2.719,16.818104941653,16.8177892110564,2.17716702469949,0.293582973123008,FALSE
1948,"83",2020,56.1188,-53.1217,429.78,2.859,17.1955889018298,17.1955530997611,2.15865435224687,0.490484026326745,FALSE
1949,"83",2020,56.1188,-53.1217,310.649,2.845,17.2741304050708,17.2589065025672,2.15433769308575,0.477014422192114,FALSE
1950,"83",2020,56.1188,-53.1217,200.951,2.901,17.3299121084536,17.3289672114852,2.15210921074414,0.56083741423227,FALSE
1951,"83",2020,56.1188,-53.1217,99.992,3.133,18.571686693263,18.5711959127589,2.09369966852793,1.08014517899796,FALSE
1952,"83",2020,56.1188,-53.1217,50.588,3.351,19.2376098609507,19.2373201308709,2.06365402149425,1.65725966837494,FALSE
1953,"83",2020,56.1188,-53.1217,24.401,2.889,17.3457407297236,17.3448867249953,2.15134706677275,0.544131849898772,FALSE
1954,"83",2020,56.1188,-53.1217,2.982,2.781,16.5924338610924,16.5921180299628,2.18839264424244,0.35118347809797,FALSE
1955,"88",2020,56.5372,-52.6717,3535.004,2.123,16.8269462787047,15.2277614193246,2.12299999915673,7.11101874549427e-19,TRUE
1956,"88",2020,56.5372,-52.6717,3456.755,1.897,19.3349860588774,14.5743222937639,1.89699999908742,8.32801061695494e-19,TRUE
1957,"88",2020,56.5372,-52.6717,3397.192,1.825,20.1477828113918,14.3293824268128,1.82499999907911,8.48043765460304e-19,TRUE
1958,"88",2020,56.5372,-52.6717,3277.521,1.525,23.6804926417338,13.2205367960176,1.52499995142113,2.35990618267563e-15,TRUE
1959,"88",2020,56.5372,-52.6717,3156.528,1.393,25.2212813821084,12.4711258178869,1.39299999796707,4.1328163105021e-18,TRUE
1960,"88",2020,56.5372,-52.6717,3038.277,1.224,27.2823393457247,11.4433658704322,1.22400002435411,5.93122730987233e-16,TRUE
1961,"88",2020,56.5372,-52.6717,2865.772,1.124,28.544508890178,10.7862376306202,1.12399999933556,4.41474985052904e-19,TRUE
1962,"88",2020,56.5372,-52.6717,2661.749,1.171,27.9475153763722,11.0998819139847,1.171000001292,1.66927448923354e-18,TRUE
1963,"88",2020,56.5372,-52.6717,2439.751,1.369,25.5081676703062,12.3308201764347,1.36899999866935,1.7706419240853e-18,TRUE
1964,"88",2020,56.5372,-52.6717,2209.374,1.422,24.8773250007681,12.638637122419,1.4219999960037,1.59704222248466e-17,TRUE
1965,"88",2020,56.5372,-52.6717,1972.225,1.592,22.9233048352795,13.5935383886121,1.59199999915354,7.16489291291732e-19,TRUE
1966,"88",2020,56.5372,-52.6717,1729.281,2.262,15.5298300567422,15.5292969472397,2.24284263880042,0.00036700448813105,FALSE
1967,"88",2020,56.5372,-52.6717,1498.961,2.62,16.1542757021931,16.1533396135853,2.210502155038,0.167688485028526,FALSE
1968,"88",2020,56.5372,-52.6717,1281.355,2.763,17.0643118799701,17.0642568493466,2.16505922876772,0.357533165901857,FALSE
1969,"88",2020,56.5372,-52.6717,1070.519,2.785,16.662949568751,16.6629470512811,2.18488291113944,0.360140520342471,FALSE
1970,"88",2020,56.5372,-52.6717,871.469,2.802,16.7475728343678,16.746619121217,2.18064198166309,0.386085786951571,FALSE
1971,"88",2020,56.5372,-52.6717,510.491,2.869,17.1450461825921,17.144812173092,2.16110948017833,0.501108988053401,FALSE
1972,"88",2020,56.5372,-52.6717,360.131,2.922,17.699791960517,17.6975201540016,2.13432626903624,0.620429906450367,FALSE
1973,"88",2020,56.5372,-52.6717,219.739,3.098,18.6327937088248,18.6323202699297,2.09090648238893,1.01423735321424,FALSE
1974,"88",2020,56.5372,-52.6717,99.159,3.155,18.4164338895827,18.4154491769067,2.10081485090807,1.11130632856598,FALSE
1975,"88",2020,56.5372,-52.6717,59.673,3.469,19.9304192884448,19.9224249715791,2.0330292921582,2.06201187377969,FALSE
1976,"88",2020,56.5372,-52.6717,24.758,3.142,18.6645682331597,18.6644043299309,2.08946687050813,1.10782598867795,FALSE
1977,"88",2020,56.5372,-52.6717,3.005,2.982,17.8480610453301,17.8475917443543,2.12735647453789,0.730415555614301,FALSE
1978,"93",2020,56.956,-52.2352,3561.735,2.155,16.4694869051961,15.2886508433559,2.15499999671792,1.07720778908981e-17,TRUE
1979,"93",2020,56.956,-52.2352,3491.541,2.028,17.8713722764939,14.9688985542363,2.02799999912125,7.72202275649742e-19,TRUE
1980,"93",2020,56.956,-52.2352,3401.822,1.719,21.5336644570136,14.3048094650151,1.71899999905384,8.9522218122875e-19,TRUE
1981,"93",2020,56.956,-52.2352,3290.544,1.381,25.3644746023846,12.4011745185851,1.38099999838708,2.60152101809935e-18,TRUE
1982,"93",2020,56.956,-52.2352,3169.509,1.328,26.0028252970506,12.0871573774869,1.32799999907795,8.50171273925927e-19,TRUE
1983,"93",2020,56.956,-52.2352,3028.278,1.128,28.4934452555351,10.8132652319387,1.12799999937097,3.9567642970962e-19,TRUE
1984,"93",2020,56.956,-52.2352,2870.983,1.263,26.7984535854863,11.6893570674734,1.26299999918427,6.65410968440906e-19,TRUE
1985,"93",2020,56.956,-52.2352,2679.516,1.314,26.1730237234457,12.0027144466469,1.31399999912397,7.67428801493024e-19,TRUE
1986,"93",2020,56.956,-52.2352,2469.663,1.354,25.6884795074454,12.2422818810306,1.35399999889121,1.22942549089431e-18,TRUE
1987,"93",2020,56.956,-52.2352,2249.178,1.361,25.6042383307323,12.2836839938296,1.36099999880219,1.43474418441213e-18,TRUE
1988,"93",2020,56.956,-52.2352,2009.931,1.582,23.0352525380312,13.5379431968609,1.58199999915242,7.18383962474394e-19,TRUE
1989,"93",2020,56.956,-52.2352,1770.295,2.294,14.5149456954282,14.4100266343358,2.29399999906317,8.7764327690607e-19,TRUE
1990,"93",2020,56.956,-52.2352,1530.062,2.537,15.6491722671261,15.6482440392248,2.23657796386603,0.0902533997948813,FALSE
1991,"93",2020,56.956,-52.2352,1291.011,2.565,16.1200516983921,16.1147885564261,2.21210608481261,0.124534115376286,FALSE
1992,"93",2020,56.956,-52.2352,1069.32,2.629,16.2235598934671,16.2166907686194,2.20677618436824,0.178272950486646,FALSE
1993,"93",2020,56.956,-52.2352,870.109,2.861,17.0843749604209,17.0838616880376,2.16406265047002,0.485721669169871,FALSE
1994,"93",2020,56.956,-52.2352,680.48,2.865,17.3818834952955,17.381648358556,2.14962243282306,0.511765063619994,FALSE
1995,"93",2020,56.956,-52.2352,509.969,2.841,17.2541235069498,17.2536616050664,2.15579631822201,0.469504085522119,FALSE
1996,"93",2020,56.956,-52.2352,359.912,2.844,17.1696621854881,17.1690067511064,2.15989591379072,0.467998400768234,FALSE
1997,"93",2020,56.956,-52.2352,220.602,3.054,18.1886507299098,18.187962658829,2.11137538699929,0.888541161034733,FALSE
1998,"93",2020,56.956,-52.2352,100.215,3.196,18.5909744989451,18.5901474445437,2.09280599481981,1.21703701306551,FALSE
1999,"93",2020,56.956,-52.2352,49.85,3.468,19.7129236458635,19.7114500592677,2.04268160952015,2.03153251424008,FALSE
2000,"93",2020,56.956,-52.2352,25.104,3.488,20.0012627210148,19.9962488708718,2.03007026018608,2.12555912623389,FALSE
2001,"93",2020,56.956,-52.2352,3.15,2.829,17.053105171295,17.0530681923569,2.16560840508805,0.440088408199823,FALSE
2002,"99",2020,57.3753,-51.7928,3581.183,1.957,18.6622141339097,14.7631195654672,1.95699999910049,8.09123073279732e-19,TRUE
2003,"99",2020,57.3753,-51.7928,3499.712,1.829,20.102887366533,14.3444388240015,1.8289999990878,8.32104148934327e-19,TRUE
2004,"99",2020,57.3753,-51.7928,3411.302,1.657,22.2045839080459,13.9554960664712,1.65699999914461,7.31696578154308e-19,TRUE
2005,"99",2020,57.3753,-51.7928,3300.496,1.37,25.4961742763516,12.3366989024303,1.36999999864998,1.82255785600941e-18,TRUE
2006,"99",2020,57.3753,-51.7928,3179.662,1.315,26.160845184124,12.0087679400036,1.31499999912143,7.71888551687533e-19,TRUE
2007,"99",2020,57.3753,-51.7928,3039.261,1.27,26.7121128665487,11.7329162227024,1.26999999918021,6.72048021245508e-19,TRUE
2008,"99",2020,57.3753,-51.7928,2882.098,1.29,26.4662927629955,11.8563976990759,1.28999999916394,6.98991680886699e-19,TRUE
2009,"99",2020,57.3753,-51.7928,2690.737,1.326,26.0270995464372,12.0751341446701,1.32599999908611,8.35191416050791e-19,TRUE
2010,"99",2020,57.3753,-51.7928,2481.107,1.221,27.3197593101167,11.42420832988,1.22100002140508,4.58177598934417e-16,TRUE
2011,"99",2020,57.3753,-51.7928,2249.794,1.353,25.7005275678804,12.2363550500747,1.35299999890218,1.20519815209722e-18,TRUE
2012,"99",2020,57.3753,-51.7928,2009.847,1.805,20.3746188489698,14.2576831792343,1.80499999907859,8.4900018019263e-19,TRUE
2013,"99",2020,57.3753,-51.7928,1769.726,2.312,14.8638724877647,14.8638623757653,2.27840197915481,0.00112882700471379,FALSE
2014,"99",2020,57.3753,-51.7928,1530.01,2.63,16.2484324620448,16.2483878556631,2.20573835045762,0.179997947272422,FALSE
2015,"99",2020,57.3753,-51.7928,1286.972,2.698,16.7033061066434,16.6993107987884,2.18274113331831,0.2654916996941,FALSE
2016,"99",2020,57.3753,-51.7928,1073.285,2.684,16.6254613874716,16.6246475872064,2.18672600831086,0.24728142281045,FALSE
2017,"99",2020,57.3753,-51.7928,870.028,2.759,17.0439217649298,17.0433861873442,2.16604164558074,0.351599610075602,FALSE
2018,"99",2020,57.3753,-51.7928,679.104,2.844,17.1696621854881,17.1690067511064,2.15989591379072,0.467998400768234,FALSE
2019,"99",2020,57.3753,-51.7928,509.924,2.903,17.4443623902677,17.4423363852955,2.14655319926105,0.572211762348192,FALSE
2020,"99",2020,57.3753,-51.7928,359.584,2.961,17.8929743833391,17.8922909257964,2.12522919529356,0.698512837999645,FALSE
2021,"99",2020,57.3753,-51.7928,220.572,2.958,17.8807493575518,17.878731509958,2.12576185916268,0.692620323064367,FALSE
2022,"99",2020,57.3753,-51.7928,100.24,3.349,19.2657407408987,19.2617470254153,2.06228202859075,1.65564313794753,FALSE
2023,"99",2020,57.3753,-51.7928,49.737,3.467,19.7389702323664,19.7005665141697,2.04034093671411,2.03535608285578,FALSE
2024,"99",2020,57.3753,-51.7928,24.471,3.268,18.9643342913331,18.9597432216262,2.07574156744272,1.42148017000394,FALSE
2025,"99",2020,57.3753,-51.7928,2.734,3.033,18.3179058503055,18.3162213646051,2.10534268718601,0.860548090017277,FALSE
2026,"106",2020,57.7998,-51.3397,3676.443,1.959,18.6398722356622,14.7692061312276,1.95899999910113,8.07962647612175e-19,TRUE
2027,"106",2020,57.7998,-51.3397,3590.408,2.006,18.1153288615053,14.9060117730893,2.00599999911081,7.90652635706203e-19,TRUE
2028,"106",2020,57.7998,-51.3397,3489.445,1.854,19.8195097199812,14.4300969462629,1.85399999907763,8.50765520541617e-19,TRUE
2029,"106",2020,57.7998,-51.3397,3380.139,1.546,23.4413513894644,13.3376456046978,1.54599999914717,7.27322087919626e-19,TRUE
2030,"106",2020,57.7998,-51.3397,3249.865,1.393,25.2212813821084,12.4711258178869,1.39299999796707,4.1328163105021e-18,TRUE
2031,"106",2020,57.7998,-51.3397,3119.641,1.247,26.9963892246999,11.5891202568913,1.24700006134424,3.76311634222421e-15,TRUE
2032,"106",2020,57.7998,-51.3397,2940.613,1.238,27.1080848410383,11.5323210366047,1.23800004327711,1.8729084715523e-15,TRUE
2033,"106",2020,57.7998,-51.3397,2739.975,1.088,29.0061850577533,10.5401695287576,1.08799999924126,5.75692728555179e-19,TRUE
2034,"106",2020,57.7998,-51.3397,2519.342,1.399,25.1498737664705,12.5059566186173,1.3989999976885,5.34303785612657e-18,TRUE
2035,"106",2020,57.7998,-51.3397,2290.524,1.343,25.8211943962277,12.1769153456899,1.34299999899243,1.01519914994266e-18,TRUE
2036,"106",2020,57.7998,-51.3397,2039.627,1.601,22.8228677628522,13.6435753672516,1.60099999915426,7.15275640992727e-19,TRUE
2037,"106",2020,57.7998,-51.3397,1789.53,2.196,16.028831468391,15.4009108661468,2.19599999844579,2.41556487491186e-18,TRUE
2038,"106",2020,57.7998,-51.3397,1549.657,2.413,15.1086268948242,15.1082965249533,2.2651976363856,0.0218455386900039,FALSE
2039,"106",2020,57.7998,-51.3397,1299.891,2.558,15.9933854604366,15.9927159807765,2.21875026025126,0.115090385919588,FALSE
2040,"106",2020,57.7998,-51.3397,1069.85,2.636,16.2583874447616,16.2581097914628,2.20522504794814,0.185567059315284,FALSE
2041,"106",2020,57.7998,-51.3397,869.441,2.767,17.0892378303584,17.0885006377198,2.16381750019396,0.363829128072259,FALSE
2042,"106",2020,57.7998,-51.3397,680.186,2.794,16.7064064076559,16.7058312171994,2.18270023196375,0.37368740640117,FALSE
2043,"106",2020,57.7998,-51.3397,509.82,2.941,17.6400348107573,17.6397367649317,2.13723757383672,0.646034037711885,FALSE
2044,"106",2020,57.7998,-51.3397,360.209,2.9,17.4332210049819,17.4326742610409,2.14713823319705,0.56680083991366,FALSE
2045,"106",2020,57.7998,-51.3397,219.978,2.955,17.8675796095969,17.8659342987399,2.12639574856979,0.686585005488218,FALSE
2046,"106",2020,57.7998,-51.3397,100.309,3.172,18.5013481100605,18.4893429830966,2.09654593614302,1.15660144346649,FALSE
2047,"106",2020,57.7998,-51.3397,49.782,3.367,19.6661340763423,19.6645814395726,2.04472110414734,1.74842147841733,FALSE
2048,"106",2020,57.7998,-51.3397,24.284,2.893,17.525503630927,17.5253652753119,2.14271898148011,0.562921606751242,FALSE
2049,"106",2020,57.7998,-51.3397,2.673,2.846,17.1402162550771,17.139522534952,2.16132980453417,0.468773276559213,FALSE
2050,"109",2020,58.1978,-50.8717,3602.439,2.318,14.9728653441913,14.972110977996,2.27248281916724,0.00207181375096247,FALSE
2051,"109",2020,58.1978,-50.8717,3519.495,2.003,18.1486532361368,14.8973352223227,2.0029999991094,7.93169218985086e-19,TRUE
2052,"109",2020,58.1978,-50.8717,3430.243,1.817,20.2383217230298,14.3005922498527,1.81699999907573,8.54279536623176e-19,TRUE
2053,"109",2020,58.1978,-50.8717,3320.551,1.507,23.8867943662272,13.1198885030383,1.50699996721996,1.07453070317266e-15,TRUE
2054,"109",2020,58.1978,-50.8717,3200.183,1.359,25.6282902024774,12.2718700257791,1.35899999882994,1.36903428258843e-18,TRUE
2055,"109",2020,58.1978,-50.8717,3059.95,1.321,26.0878433247807,12.0450179549912,1.32099999910399,8.02827035456248e-19,TRUE
2056,"109",2020,58.1978,-50.8717,2901.334,1.243,27.0460001927236,11.5639133051919,1.24300005262904,2.76981618009849e-15,TRUE
2057,"109",2020,58.1978,-50.8717,2709.671,1.577,23.0913655182847,13.510142901424,1.57699999915177,7.19487611689573e-19,TRUE
2058,"109",2020,58.1978,-50.8717,2500.686,1.444,24.6184023402238,12.7644185026406,1.44399999298043,4.92743603778858e-17,TRUE
2059,"109",2020,58.1978,-50.8717,2268.722,1.435,24.7241133698978,12.7130863091029,1.43499999443426,3.09774899494317e-17,TRUE
2060,"109",2020,58.1978,-50.8717,2020.475,1.549,23.407324143307,13.3543544218197,1.54899999914762,7.26548919896967e-19,TRUE
2061,"109",2020,58.1978,-50.8717,1770.352,2.128,16.7723990023649,15.2409128336907,2.12799999915779,7.09314451791459e-19,TRUE
2062,"109",2020,58.1978,-50.8717,1531.186,2.554,15.9521202008335,15.9478851333609,2.2207551129454,0.111052154748036,FALSE
2063,"109",2020,58.1978,-50.8717,1290.736,2.732,16.8916599707411,16.8910572310125,2.17352351947096,0.311895979304106,FALSE
2064,"109",2020,58.1978,-50.8717,1070.094,2.673,16.4915786925977,16.4907656260944,2.19343060527903,0.229986804353035,FALSE
2065,"109",2020,58.1978,-50.8717,869.865,2.773,16.6205865654282,16.6137311290249,2.18676918157835,0.343666572467321,FALSE
2066,"109",2020,58.1978,-50.8717,679.929,2.893,17.525503630927,17.5253652753119,2.14271898148011,0.562921606751242,FALSE
2067,"109",2020,58.1978,-50.8717,509.689,2.882,17.4709808203494,17.4707706150171,2.14533337395562,0.542677717927618,FALSE
2068,"109",2020,58.1978,-50.8717,360.266,2.984,17.8559513555547,17.8411508639092,2.12651077559271,0.735287769974622,FALSE
2069,"109",2020,58.1978,-50.8717,220.852,3.111,18.6973784096301,18.697155134764,2.08796997168232,1.04659043883967,FALSE
2070,"109",2020,58.1978,-50.8717,99.665,3.254,19.1661853059221,19.1609107867076,2.06667307583151,1.4097452248554,FALSE
2071,"109",2020,58.1978,-50.8717,49.582,3.361,19.519860368442,19.5015031975443,2.05058177374119,1.71719592771129,FALSE
2072,"109",2020,58.1978,-50.8717,24.67,3.201,18.6493619253085,18.6243232514248,2.08934283333472,1.23578165619827,FALSE
2073,"109",2020,58.1978,-50.8717,3.675,2.974,17.8016531838363,17.8002733169557,2.12952161779446,0.713143738012487,FALSE
2074,"118",2020,58.6315,-50.41,3569.363,2.129,16.7614947568241,15.2435383883035,2.12899999915799,7.08977129905071e-19,TRUE
2075,"118",2020,58.6315,-50.41,3519.673,2.099,17.089372522495,15.1640529456902,2.0989999991503,7.2198986232028e-19,TRUE
2076,"118",2020,58.6315,-50.41,3429.945,1.956,18.6734608405334,14.7602402985421,1.95599999910096,8.08270841890968e-19,TRUE
2077,"118",2020,58.6315,-50.41,3320.355,1.695,21.7916168759471,14.1687530416126,1.69499999910598,7.9926773502717e-19,TRUE
2078,"118",2020,58.6315,-50.41,3200.161,1.513,23.817891381511,13.153471018671,1.51299996253167,1.40387558616023e-15,TRUE
2079,"118",2020,58.6315,-50.41,3059.955,1.311,26.2095791156581,11.9845335615404,1.31099999913105,7.55076457903883e-19,TRUE
2080,"118",2020,58.6315,-50.41,2900.25,1.231,27.1951353613006,11.487935222462,1.23100003263797,1.06523694758959e-15,TRUE
2081,"118",2020,58.6315,-50.41,2709.523,1.23,27.2075836919143,11.4815794291731,1.23000003132233,9.81088291024545e-16,TRUE
2082,"118",2020,58.6315,-50.41,2499.802,1.431,24.7711904307609,12.6902180800119,1.43099999497755,2.52249639699261e-17,TRUE
2083,"118",2020,58.6315,-50.41,2269.416,1.433,24.7476446604242,12.7016564483239,1.43299999471319,2.7950377476768e-17,TRUE
2084,"118",2020,58.6315,-50.41,2020.539,1.369,25.5081676703062,12.3308201764347,1.36899999866935,1.7706419240853e-18,TRUE
2085,"118",2020,58.6315,-50.41,1769.926,2.083,17.2648681626907,15.1210012347226,2.08299999914487,7.31241563883699e-19,TRUE
2086,"118",2020,58.6315,-50.41,1529.127,2.341,15.611058445207,15.6107542941197,2.23859139576013,0.0104875222223594,FALSE
2087,"118",2020,58.6315,-50.41,1290.261,2.659,16.4114451971507,16.4078127348172,2.19736979603994,0.213102445208203,FALSE
2088,"118",2020,58.6315,-50.41,1069.756,2.755,17.0217333434485,17.0209816449437,2.16712190606492,0.345600653328743,FALSE
2089,"118",2020,58.6315,-50.41,870.293,2.721,16.8302840203382,16.8296679379082,2.17655452736904,0.296420872668354,FALSE
2090,"118",2020,58.6315,-50.41,679.601,2.676,16.5827937515571,16.5819065702118,2.18885582172936,0.237309450422978,FALSE
2091,"118",2020,58.6315,-50.41,509.929,2.788,16.856798667172,16.8560733462773,2.17524027428436,0.375474481459106,FALSE
2092,"118",2020,58.6315,-50.41,360.174,2.885,17.4868228385533,17.4866760146213,2.14457449030403,0.548229935408542,FALSE
2093,"118",2020,58.6315,-50.41,220,2.918,17.7460148981444,17.7439088675539,2.13213540601515,0.61758316007898,FALSE
2094,"118",2020,58.6315,-50.41,100.122,3.228,19.0397243730588,19.0396249156258,2.07250101637825,1.33517790115091,FALSE
2095,"118",2020,58.6315,-50.41,49.82,3.371,19.3477865158489,19.345345133353,2.05869358947098,1.72214811511556,FALSE
2096,"118",2020,58.6315,-50.41,3.2,3.077,18.5268891004241,18.5265170533048,2.09575638527524,0.962839031438107,FALSE
2097,"120",2020,59.0615,-49.9583,3515.918,2.195,16.041149124605,15.4022515498863,2.19499999916359,6.99580289875882e-19,TRUE
2098,"120",2020,59.0615,-49.9583,3449.181,2.087,17.220953752371,15.131810248996,2.08699999914631,7.2878966195095e-19,TRUE
2099,"120",2020,59.0615,-49.9583,3369,2.103,17.0455663785596,15.1747410065833,2.10299999915152,7.19917476980403e-19,TRUE
2100,"120",2020,59.0615,-49.9583,3269.141,1.613,22.6894146472627,13.7103077308265,1.61299999915461,7.1468609583741e-19,TRUE
2101,"120",2020,59.0615,-49.9583,3150.521,1.438,24.6888436334891,12.7302154031873,1.43799999398709,3.61551207529838e-17,TRUE
2102,"120",2020,59.0615,-49.9583,3020.65,1.16,28.0866447984806,11.0272435514221,1.16000000034304,1.17677840671667e-19,TRUE
2103,"120",2020,59.0615,-49.9583,2859.783,1.262,26.8108007553197,11.6831197623462,1.26199999918481,6.64536770552071e-19,TRUE
2104,"120",2020,59.0615,-49.9583,2660.547,1.396,25.1855617594082,12.4885530162581,1.39599999783432,4.69017886346689e-18,TRUE
2105,"120",2020,59.0615,-49.9583,2440.94,1.282,26.5644659494655,11.8071768327029,1.28199999917154,6.86339295043608e-19,TRUE
2106,"120",2020,59.0615,-49.9583,2209.472,1.606,22.7671981416979,13.6713773109164,1.6059999991545,7.14865937670125e-19,TRUE
2107,"120",2020,59.0615,-49.9583,1970.098,1.737,21.3417251395808,14.4078377692528,1.73699999899294,1.01417742821053e-18,TRUE
2108,"120",2020,59.0615,-49.9583,1730.166,2.376,14.7336031996062,14.7332872920119,2.28547756944921,0.00819431043282302,FALSE
2109,"120",2020,59.0615,-49.9583,1500.855,2.667,16.4525804277221,16.4519950686514,2.19539886381766,0.222407631648478,FALSE
2110,"120",2020,59.0615,-49.9583,1280.079,2.745,16.7030237812021,16.7028310211889,2.18288116862595,0.315977580585332,FALSE
2111,"120",2020,59.0615,-49.9583,1071.382,2.943,17.6398362832414,17.6390650407174,2.1372314143858,0.649263013562713,FALSE
2112,"120",2020,59.0615,-49.9583,870.236,2.765,17.0773927935626,17.076951168229,2.16440646265559,0.36071259709987,FALSE
2113,"120",2020,59.0615,-49.9583,680.002,2.775,16.6195811984792,16.6194316450481,2.18704162647553,0.345695048997545,FALSE
2114,"120",2020,59.0615,-49.9583,509.459,2.815,17.104052841847,17.1037592781797,2.16310821498567,0.424962899369167,FALSE
2115,"120",2020,59.0615,-49.9583,360.556,2.805,16.7556320221754,16.7553444663007,2.18026400877907,0.390295058726799,FALSE
2116,"120",2020,59.0615,-49.9583,219.804,3.035,18.0991627037968,18.0985934628565,2.11555319592345,0.845382425526574,FALSE
2117,"120",2020,59.0615,-49.9583,100.34,3.216,18.9738232992847,18.973249134667,2.07544630807126,1.30086272417227,FALSE
2118,"120",2020,59.0615,-49.9583,50.205,3.448,19.7027192878858,19.7023329454647,2.04316211316165,1.97356948829644,FALSE
2119,"120",2020,59.0615,-49.9583,24.571,3.314,19.4366988280687,19.4358753852533,2.05481695954419,1.58554192937153,FALSE
2120,"120",2020,59.0615,-49.9583,3.562,2.989,17.8721821309613,17.8715387132555,2.12621152791552,0.744403947561874,FALSE
2121,"124",2020,59.4848,-49.4797,3445.491,2.207,15.9124921618546,15.4342439411443,2.20699999916144,7.031789621395e-19,TRUE
2122,"124",2020,59.4848,-49.4797,3381.176,2.037,17.7717902350501,14.9942658798449,2.03699999912546,7.64811660363232e-19,TRUE
2123,"124",2020,59.4848,-49.4797,3300.826,1.883,19.492479803021,14.5280992344824,1.88299999908359,8.39798849839929e-19,TRUE
2124,"124",2020,59.4848,-49.4797,3199.06,1.606,22.7671981416979,13.6713773109164,1.6059999991545,7.14865937670125e-19,TRUE
2125,"124",2020,59.4848,-49.4797,3080.867,1.412,24.9955932022633,12.5811078460561,1.411999996877,9.75312673066147e-18,TRUE
2126,"124",2020,59.4848,-49.4797,2949.107,1.304,26.2949900990419,11.9419916733353,1.30399999914481,7.31345239994087e-19,TRUE
2127,"124",2020,59.4848,-49.4797,2790.241,1.327,26.0149607579454,12.0811474143142,1.32699999908211,8.42522434465744e-19,TRUE
2128,"124",2020,59.4848,-49.4797,2606.053,1.282,26.5644659494655,11.8071768327029,1.28199999917154,6.86339295043608e-19,TRUE
2129,"124",2020,59.4848,-49.4797,2410.796,1.218,27.3572073028218,11.405016867425,1.21800001876893,3.52272840416145e-16,TRUE
2130,"124",2020,59.4848,-49.4797,2191.623,1.57,23.1700801046786,13.4712160927863,1.56999999915079,7.21154667609246e-19,TRUE
2131,"124",2020,59.4848,-49.4797,1958.724,1.625,22.5564880859487,13.7770774830465,1.62499999915399,7.15725661236395e-19,TRUE
2132,"124",2020,59.4848,-49.4797,1727.403,2.104,17.0346191003117,15.1774085037553,2.10399999915182,7.1941415938809e-19,TRUE
2133,"124",2020,59.4848,-49.4797,1501.9,2.365,16.2560709046537,16.2555824489516,2.20533568366293,0.0254926939113839,FALSE
2134,"124",2020,59.4848,-49.4797,1279.65,2.571,16.2056624526123,16.2047526450776,2.20788441995794,0.13185292446928,FALSE
2135,"124",2020,59.4848,-49.4797,1066.277,2.732,16.8916599707411,16.8910572310125,2.17352351947096,0.311895979304106,FALSE
2136,"124",2020,59.4848,-49.4797,873.835,2.763,17.0643118799701,17.0642568493466,2.16505922876772,0.357533165901857,FALSE
2137,"124",2020,59.4848,-49.4797,679.847,2.952,17.6776045493361,17.6766503379653,2.13542563951534,0.666793686200923,FALSE
2138,"124",2020,59.4848,-49.4797,512.392,2.927,17.561538977309,17.5600477313018,2.14094829782599,0.617877278490661,FALSE
2139,"124",2020,59.4848,-49.4797,359.882,2.758,17.0405787389478,17.040413688698,2.16621767559781,0.350206319474863,FALSE
2140,"124",2020,59.4848,-49.4797,220.169,3.072,18.3401761182282,18.3401218304812,2.10436600615304,0.936315546048224,FALSE
2141,"124",2020,59.4848,-49.4797,99.849,3,17.931488355487,17.9310344657292,2.12342199445476,0.768388999805678,FALSE
2142,"124",2020,59.4848,-49.4797,50.193,3.533,19.9903773442226,19.9863001578588,2.03056977844137,2.25729657065271,FALSE
2143,"124",2020,59.4848,-49.4797,24.564,3.09,18.4225301361623,18.4224343442271,2.10056316248017,0.978985255441243,FALSE
2144,"124",2020,59.4848,-49.4797,2.732,2.953,17.6893486168246,17.6818785123286,2.13465146488492,0.669694324925004,FALSE
2145,"128",2020,59.7475,-49.1698,3267.607,2.293,14.5138656761933,14.3770569933486,2.29299999905982,8.83941648312641e-19,TRUE
2146,"128",2020,59.7475,-49.1698,3199.816,2.216,15.8149888247248,15.4551429747608,2.21599999881694,1.39963276295894e-18,TRUE
2147,"128",2020,59.7475,-49.1698,3121.968,2.165,16.3617307853372,15.3161880802713,2.16499999730126,7.28321621396523e-18,TRUE
2148,"128",2020,59.7475,-49.1698,3020.668,1.97,18.517067701522,14.8023999147935,1.96999999910463,8.0169101617401e-19,TRUE
2149,"128",2020,59.7475,-49.1698,2900.518,2.031,17.8381639833928,14.9773766974697,2.03099999912266,7.69720762377525e-19,TRUE
2150,"128",2020,59.7475,-49.1698,2769.946,1.624,22.5675452409863,13.7715113801368,1.62399999915409,7.15563367170536e-19,TRUE
2151,"128",2020,59.7475,-49.1698,2620.728,1.339,25.8695555662439,12.1530509621232,1.33899999902014,9.60126432940933e-19,TRUE
2152,"128",2020,59.7475,-49.1698,2460.329,1.366,25.5441684645444,12.313166372215,1.36599999872357,1.62927032952862e-18,TRUE
2153,"128",2020,59.7475,-49.1698,2259.497,1.461,24.4195339394837,12.8609531914828,1.46099998914764,1.1777364309956e-16,TRUE
2154,"128",2020,59.7475,-49.1698,2059.927,1.519,23.7491241057921,13.187019439885,1.51899995728232,1.82479990514502e-15,TRUE
2155,"128",2020,59.7475,-49.1698,1849.903,1.604,22.7894549771605,13.6602560891059,1.60399999915442,7.1500374411086e-19,TRUE
2156,"128",2020,59.7475,-49.1698,1639.713,2.061,17.5068751850907,15.0609689302662,2.06099999913617,7.46204391798453e-19,TRUE
2157,"128",2020,59.7475,-49.1698,1430.425,2.39,14.8547533620988,14.8542793620781,2.27888116022325,0.0123473965533308,FALSE
2158,"128",2020,59.7475,-49.1698,1230.496,2.625,16.1975942887522,16.1974275051331,2.20831979658925,0.173622391914423,FALSE
2159,"128",2020,59.7475,-49.1698,1029.166,2.532,15.56540989874,15.5653813565275,2.24099191185,0.0846857073687155,FALSE
2160,"128",2020,59.7475,-49.1698,840.526,2.577,16.2887698546056,16.2883698629366,2.20367942769152,0.139368249708731,FALSE
2161,"128",2020,59.7475,-49.1698,661.604,2.708,16.7578566055149,16.7570561132519,2.18013661873756,0.278639749277816,FALSE
2162,"128",2020,59.7475,-49.1698,478.908,2.783,16.6736108426735,16.6731526994371,2.18433659439119,0.358397873215137,FALSE
2163,"128",2020,59.7475,-49.1698,329.228,2.809,16.9783355094148,16.9776598641159,2.16925443057011,0.40927439360518,FALSE
2164,"128",2020,59.7475,-49.1698,209.012,2.979,17.8140899354295,17.8133319317804,2.12895341344043,0.722579199321584,FALSE
2165,"128",2020,59.7475,-49.1698,99.217,3.393,19.6172093581946,19.6157183321391,2.04686268816445,1.81208566231584,FALSE
2166,"128",2020,59.7475,-49.1698,49.284,3.444,19.5848891303257,19.5837366994747,2.04828959993986,1.94800752083605,FALSE
2167,"128",2020,59.7475,-49.1698,24.655,3.318,19.4792473964001,19.4791784755799,2.05296638424211,1.60031004899749,FALSE
2168,"128",2020,59.7475,-49.1698,3.283,3.013,17.984779996667,17.9843508183824,2.12091679303076,0.795812448156531,FALSE
2169,"132",2020,59.985,-48.8995,3054.527,2.228,15.6870402845624,15.4875599813132,2.22799999895275,1.09673874343111e-18,TRUE
2170,"132",2020,59.985,-48.8995,2940.798,2.212,15.8576981516853,15.4443186871501,2.21199999875902,1.54004399972162e-18,TRUE
2171,"132",2020,59.985,-48.8995,2860.388,1.915,19.1324778971328,14.6318597060229,1.9149999990872,8.33211647396293e-19,TRUE
2172,"132",2020,59.985,-48.8995,2759.804,1.609,22.7338403897283,13.6880604921415,1.60899999915458,7.14728519950906e-19,TRUE
2173,"132",2020,59.985,-48.8995,2639.841,1.476,24.2449471659273,12.9457167408874,1.4759999842119,2.49264176793226e-16,TRUE
2174,"132",2020,59.985,-48.8995,2499.541,1.111,28.7107901509614,10.6979659365332,1.11099999927025,5.32540951566984e-19,TRUE
2175,"132",2020,59.985,-48.8995,2339.767,1.228,27.2324897416215,11.46885659509,1.22800002882887,8.3110370464288e-16,TRUE
2176,"132",2020,59.985,-48.8995,2159.9,1.36,25.6162625603649,12.2777785208943,1.35999999881631,1.40111105974847e-18,TRUE
2177,"132",2020,59.985,-48.8995,1979.085,1.45,24.5480924256132,12.7985507717276,1.449999991807,6.71251917055978e-17,TRUE
2178,"132",2020,59.985,-48.8995,1779.431,1.673,22.0300413642983,14.0450406276135,1.67299999913324,7.51280975904242e-19,TRUE
2179,"132",2020,59.985,-48.8995,1580.24,1.855,19.8084049208741,14.4339465560721,1.85499999908164,8.4339293887178e-19,TRUE
2180,"132",2020,59.985,-48.8995,1380.431,2.464,15.2074528173546,15.2062680037215,2.25988554775186,0.0416627096165564,FALSE
2181,"132",2020,59.985,-48.8995,979.978,2.573,16.1949185998325,16.1874533870681,2.208213949953,0.133068862308894,FALSE
2182,"132",2020,59.985,-48.8995,800.003,2.533,15.5908667284765,15.5902911501129,2.23963952708148,0.0860603670709786,FALSE
2183,"132",2020,59.985,-48.8995,639.673,2.573,16.1949185998325,16.1874533870681,2.208213949953,0.133068862308894,FALSE
2184,"132",2020,59.985,-48.8995,500.503,2.675,16.576104192179,16.5754254224755,2.18919740668918,0.236004159667519,FALSE
2185,"132",2020,59.985,-48.8995,380.605,2.875,17.1844563607853,17.183600257263,2.15916894383191,0.512414100974726,FALSE
2186,"132",2020,59.985,-48.8995,260.102,3.058,18.21915733362,18.2152001381155,2.10984856055377,0.898991152123953,FALSE
2187,"132",2020,59.985,-48.8995,170.371,2.665,16.4420149219698,16.4416635365216,2.19593842625381,0.220018759965251,FALSE
2188,"132",2020,59.985,-48.8995,99.725,2.825,17.1470214755018,17.1467286339046,2.16101122154741,0.440881097910963,FALSE
2189,"132",2020,59.985,-48.8995,50.288,3.025,18.0613007753839,18.0609270957739,2.1173305383993,0.823863851522512,FALSE
2190,"132",2020,59.985,-48.8995,24.646,2.979,17.8140899354295,17.8133319317804,2.12895341344043,0.722579199321584,FALSE
2191,"132",2020,59.985,-48.8995,2.72,2.914,17.502288874243,17.5014803500234,2.1438102263899,0.593192287373573,FALSE
2192,"136",2020,60.1727,-48.6782,2896.871,2.102,17.0565153610949,15.1720717112047,2.10199999915122,7.20426247639395e-19,TRUE
2193,"136",2020,60.1727,-48.6782,2838.047,1.933,18.9307041727563,14.6889700302265,1.93299999909311,8.22450089876781e-19,TRUE
2194,"136",2020,60.1727,-48.6782,2758.468,1.867,19.6727226485077,14.4742850377034,1.86699999907882,8.48565267835106e-19,TRUE
2195,"136",2020,60.1727,-48.6782,2661.143,1.669,22.0735878531748,14.022626059132,1.66899999913664,7.45395943874541e-19,TRUE
2196,"136",2020,60.1727,-48.6782,2541.328,1.807,20.3516842377309,14.2644267841912,1.80699999907346,8.58472998095559e-19,TRUE
2197,"136",2020,60.1727,-48.6782,2400.799,1.806,20.3630602283508,14.2608603204152,1.80599999907401,8.57464380854128e-19,TRUE
2198,"136",2020,60.1727,-48.6782,2238.604,1.883,19.492479803021,14.5280992344824,1.88299999908359,8.39798849839929e-19,TRUE
2199,"136",2020,60.1727,-48.6782,2059.606,1.839,19.9891261152806,14.378292559659,1.83899999907686,8.52189115820691e-19,TRUE
2200,"136",2020,60.1727,-48.6782,1859.553,1.876,19.5713797980257,14.5048558149262,1.875999999083,8.408931300081e-19,TRUE
2201,"136",2020,60.1727,-48.6782,1661.645,1.804,20.3859268943501,14.2539560553481,1.80399999907758,8.5086751757133e-19,TRUE
2202,"136",2020,60.1727,-48.6782,1459.017,1.97,18.517067701522,14.8023999147935,1.96999999910463,8.0169101617401e-19,TRUE
2203,"136",2020,60.1727,-48.6782,1258.988,2.06,17.5178945592094,15.0582157728302,2.05999999913574,7.46938049900956e-19,TRUE
2204,"136",2020,60.1727,-48.6782,1064.204,2.228,15.6870402845624,15.4875599813132,2.22799999895275,1.09673874343111e-18,TRUE
2205,"136",2020,60.1727,-48.6782,880.16,2.477,15.2381422174575,15.2377397568343,2.25827575760927,0.0478402942094002,FALSE
2206,"136",2020,60.1727,-48.6782,710.091,2.709,16.7660369827599,16.7654748422794,2.17973864918025,0.280117577471549,FALSE
2207,"136",2020,60.1727,-48.6782,559.494,2.607,16.6673005546536,16.6672952860944,2.18466599194179,0.178366014362516,FALSE
2208,"136",2020,60.1727,-48.6782,429.36,2.908,17.6094386982913,17.6089145764724,2.13869027941827,0.591837446181538,FALSE
2209,"136",2020,60.1727,-48.6782,309.475,2.757,17.0303951326294,17.0299952538676,2.16670892319315,0.348443555357786,FALSE
2210,"136",2020,60.1727,-48.6782,199.851,2.883,17.3539154338417,17.3537334794268,2.15097433743197,0.535861570658166,FALSE
2211,"136",2020,60.1727,-48.6782,93.194,3.028,18.0541365574426,18.0540824246134,2.11767649199127,0.828688889233321,FALSE
2212,"136",2020,60.1727,-48.6782,49.729,3.034,18.3123033439486,18.3114739666195,2.10563019833166,0.861870488649714,FALSE
2213,"136",2020,60.1727,-48.6782,29.768,3.024,18.2341854446102,18.233817553732,2.10926838267929,0.836733931726162,FALSE
2214,"136",2020,60.1727,-48.6782,19.73,3.102,18.4187697043269,18.4183270749323,2.10072503587227,1.00255155378898,FALSE
2215,"136",2020,60.1727,-48.6782,2.461,3.163,18.7511475516498,18.7506951769302,2.0855171136983,1.16096937027304,FALSE
2216,"140",2020,60.4477,-48.3552,143.933,3.677,20.4358646587342,20.4355839857029,2.01167136614967,2.77331945872181,FALSE
2217,"140",2020,60.4477,-48.3552,99.427,3.684,20.3627443800599,20.3523617878468,2.01444132142517,2.78742618120454,FALSE
2218,"140",2020,60.4477,-48.3552,49.851,3.798,20.6354489402926,20.6171629095746,2.00267866096459,3.22317871039589,FALSE
2219,"140",2020,60.4477,-48.3552,19.588,3.984,20.6242458749149,20.6222741629899,2.00367773740298,3.92167626373738,FALSE
2220,"140",2020,60.4477,-48.3552,9.192,3.944,19.6441617731447,19.6439741448047,2.04572602337928,3.60344409031546,FALSE
2221,"140",2020,60.4477,-48.3552,3.073,3.892,20.6197918924188,20.6146543627338,2.00376209470013,3.56544238701125,FALSE
2222,"147",2020,60.5718,-48.233,142.308,3.581,20.243021936296,20.2409629779063,2.0198046420962,2.43733094554037,FALSE
2223,"147",2020,60.5718,-48.233,81.053,3.723,20.4947571590847,20.4807080558161,2.00873603973501,2.93870092546342,FALSE
2224,"147",2020,60.5718,-48.233,49.828,4.049,20.6871929260222,20.6863752182159,2.00107611609384,4.19399223427328,FALSE
2225,"147",2020,60.5718,-48.233,19.785,3.88,19.6722113267832,19.6720788118748,2.04450200729787,3.36905288121355,FALSE
2226,"147",2020,60.5718,-48.233,1.845,3.978,20.6719217016281,20.6718448964017,2.00173973641923,3.90560462940834,FALSE
2227,"150",2020,60.372,-48.4582,591.389,2.79,16.9396104289003,16.9384674469549,2.17114315869789,0.38298379002642,FALSE
2228,"150",2020,60.372,-48.4582,550.357,2.842,17.2675269342335,17.2670295310735,2.15514498336024,0.471769813883207,FALSE
2229,"150",2020,60.372,-48.4582,449.382,2.692,16.6120237379487,16.6111082473532,2.18739371381532,0.254627504057095,FALSE
2230,"150",2020,60.372,-48.4582,349.607,2.926,17.5482166167516,17.5474056307765,2.14160854962708,0.615269947418139,FALSE
2231,"150",2020,60.372,-48.4582,250.545,3.091,18.593340319004,18.5932500935493,2.09272200502168,0.996558955257928,FALSE
2232,"150",2020,60.372,-48.4582,99.914,3.707,20.4925740656326,20.4899636772872,2.0091994124558,2.88252683506543,FALSE
2233,"150",2020,60.372,-48.4582,50.137,3.881,19.6701166974287,19.6635652926594,2.04438391443476,3.37315864575699,FALSE
2234,"150",2020,60.372,-48.4582,20.099,3.992,20.6598341715095,20.6588878076526,2.00221811288414,3.95923195829436,FALSE
2235,"150",2020,60.372,-48.4582,3.024,3.934,20.6847327663931,20.6824690642398,2.00113227860236,3.73597762842091,FALSE
2236,"155",2020,60.2875,-48.544,2789.966,1.823,20.1704719293341,14.322342694673,1.82299999907958,8.47167184841165e-19,TRUE
2237,"155",2020,60.2875,-48.544,2570.149,1.623,22.5786060388171,13.7659456748772,1.62299999915418,7.15414989396701e-19,TRUE
2238,"155",2020,60.2875,-48.544,2490.287,1.71,21.6301282608608,14.2536295581854,1.70999999907674,8.52406816842477e-19,TRUE
2239,"155",2020,60.2875,-48.544,2391.435,1.666,22.1062868589864,14.0058283279725,1.66599999913893,7.41443253756866e-19,TRUE
2240,"155",2020,60.2875,-48.544,2270.549,1.59,22.9456647633731,13.5824195485244,1.58999999915334,7.16828395350392e-19,TRUE
2241,"155",2020,60.2875,-48.544,2129.298,1.799,20.4425379494566,14.2353756914284,1.79899999907362,8.58183350743257e-19,TRUE
2242,"155",2020,60.2875,-48.544,1971.413,1.629,22.5122958980196,13.7993461822991,1.62899999915351,7.16537031688949e-19,TRUE
2243,"155",2020,60.2875,-48.544,1790.314,1.761,21.0878969992996,14.5468072716994,1.76099999887071,1.2753054210908e-18,TRUE
2244,"155",2020,60.2875,-48.544,1610.837,2.066,17.4518030273742,15.0747020370055,2.06599999913826,7.4260120711714e-19,TRUE
2245,"155",2020,60.2875,-48.544,1410.157,2.247,15.5289676095934,15.5287550898544,2.24289858537402,1.68216019342401e-05,FALSE
2246,"155",2020,60.2875,-48.544,1210.013,2.478,15.4643722323258,15.4614270317024,2.24620645014773,0.053728249753116,FALSE
2247,"155",2020,60.2875,-48.544,1010.169,2.319,15.0611159885466,15.0609628477008,2.26775256758861,0.00262629932875974,FALSE
2248,"155",2020,60.2875,-48.544,830.453,2.364,16.0531874940034,16.052478025553,2.21567925114704,0.0219990445403019,FALSE
2249,"155",2020,60.2875,-48.544,660.976,2.399,14.8441773635212,14.8434454508351,2.27944646009902,0.0142930489028552,FALSE
2250,"155",2020,60.2875,-48.544,510.331,2.486,15.3091555582524,15.3083029157418,2.25448491375021,0.053599235161247,FALSE
2251,"155",2020,60.2875,-48.544,370.3,2.65,16.3689820896959,16.3556851814434,2.19919224956492,0.203227627852335,FALSE
2252,"155",2020,60.2875,-48.544,250.241,2.894,17.5293221564871,17.5275412069878,2.14248168094402,0.564779783876725,FALSE
2253,"155",2020,60.2875,-48.544,150.2,2.912,17.3727949067144,17.3563795612797,2.14952598017817,0.581366630903265,FALSE
2254,"155",2020,60.2875,-48.544,99.784,3.048,18.1600876366793,18.1590956377357,2.11269583108355,0.874793888392486,FALSE
2255,"155",2020,60.2875,-48.544,50.229,3.08,18.3190393786528,18.3102353166937,2.1050558209336,0.950516152295456,FALSE
2256,"155",2020,60.2875,-48.544,30.511,3.178,18.5078505979922,18.5052225606947,2.09655582518012,1.16952150325185,FALSE
2257,"155",2020,60.2875,-48.544,20.297,3.394,19.3949602156887,19.3927717731527,2.05661514348704,1.78859825443019,FALSE
2258,"155",2020,60.2875,-48.544,10.254,3.532,19.9784476532212,19.9703371462854,2.03095261741105,2.25314324477714,FALSE
2259,"155",2020,60.2875,-48.544,2.431,3.651,20.3675152996341,20.3591260224665,2.01430366032919,2.67877490829182,FALSE
2260,"31",2022,55.1097,-54.1367,911.398,2.52,16.5792877807563,16.5784914660519,2.36833401075419,0.0230025722939095,FALSE
2261,"31",2022,55.1097,-54.1367,868.793,2.61,17.1917412450612,17.1913329976531,2.33701658064683,0.0745199472417484,FALSE
2262,"31",2022,55.1097,-54.1367,699.581,2.78,18.4241726858559,18.4232241656641,2.27633711100777,0.253676305747998,FALSE
2263,"31",2022,55.1097,-54.1367,500.6,2.91,19.0769081816905,19.0632169368252,2.24501371857592,0.442206754482222,FALSE
2264,"31",2022,55.1097,-54.1367,400.462,2.92,19.2697636511176,19.2693551282167,2.23647167376256,0.467210972768957,FALSE
2265,"31",2022,55.1097,-54.1367,301.665,2.85,18.7342688082911,18.73390914034,2.26157150980762,0.346248088070084,FALSE
2266,"31",2022,55.1097,-54.1367,202.658,3.04,20.0597633280587,20.0593365980957,2.20041247802276,0.704907207059881,FALSE
2267,"31",2022,55.1097,-54.1367,151.752,3.05,20.2161995739248,20.2130271964981,2.19331504533943,0.733909111541778,FALSE
2268,"31",2022,55.1097,-54.1367,101.613,3.15,20.9060201176826,20.905887798996,2.16301959527714,0.974130319306893,FALSE
2269,"31",2022,55.1097,-54.1367,80.214,3.1,20.404680235983,20.399396851576,2.18485988788032,0.837481424810419,FALSE
2270,"31",2022,55.1097,-54.1367,59.907,3.17,21.0872465255442,21.0872207398297,2.15517185593117,1.02987616199419,FALSE
2271,"31",2022,55.1097,-54.1367,50.243,3.81,22.9685289436747,22.9593283208365,2.07648995151236,3.00505708820764,FALSE
2272,"31",2022,55.1097,-54.1367,40.051,3.77,22.9601602551682,22.9598053270254,2.07711305200352,2.86586621869685,FALSE
2273,"31",2022,55.1097,-54.1367,30.348,3.63,23.8566144753243,23.8498192488438,2.04143138218957,2.52355025349213,FALSE
2274,"31",2022,55.1097,-54.1367,20.62,3.66,22.9607754793785,22.9521406480252,2.07682011342046,2.50645855326999,FALSE
2275,"31",2022,55.1097,-54.1367,10.206,3.69,22.9759948099149,22.9470156576556,2.07554895444274,2.60645217850091,FALSE
2276,"31",2022,55.1097,-54.1367,2.223,3.66,22.9607754793785,22.9521406480252,2.07682011342046,2.50645855326999,FALSE
2277,"38",2022,55.262,-53.9997,2088.201,1.49,25.7431875860443,12.2257380811561,1.48999999807501,3.70557175648191e-18,TRUE
2278,"38",2022,55.262,-53.9997,1969.604,1.59,24.6477921594649,12.8158570605031,1.58999998208302,3.21018224424265e-16,TRUE
2279,"38",2022,55.262,-53.9997,1900.841,1.57,24.8635015927865,12.6976525212047,1.56999998854762,1.31157107853653e-16,TRUE
2280,"38",2022,55.262,-53.9997,1556.036,1.8,22.4899394376865,14.1092996272757,1.79999999921498,6.16251248005102e-19,TRUE
2281,"38",2022,55.262,-53.9997,1390.529,2.07,19.5974977711168,15.1925849944858,2.07000000426105,1.81565107853672e-17,TRUE
2282,"38",2022,55.262,-53.9997,1211.503,2.29,17.39552127291,16.2799128056473,2.28999999958214,1.7460361337434e-19,TRUE
2283,"38",2022,55.262,-53.9997,1030.768,2.37,16.3934071300316,16.1457586630005,2.36999998410841,2.525426129513e-16,TRUE
2284,"38",2022,55.262,-53.9997,750.112,2.68,17.5322628162066,17.5319808326932,2.3199480540617,0.129637403773957,FALSE
2285,"38",2022,55.262,-53.9997,510.791,2.69,17.6013138916271,17.597811790748,2.31641067710646,0.139568982180057,FALSE
2286,"38",2022,55.262,-53.9997,250.211,2.97,19.5369422861519,19.536359773883,2.22414394561592,0.556301253861388,FALSE
2287,"38",2022,55.262,-53.9997,160.294,3.18,20.9003783651111,20.9002536417401,2.16326514174801,1.0337497719847,FALSE
2288,"38",2022,55.262,-53.9997,100.016,3.28,22.0356734993355,22.0356561662502,2.11496037069331,1.35731733785507,FALSE
2289,"38",2022,55.262,-53.9997,60.675,3.8,22.9663641795023,22.9595590260828,2.07665460117621,2.96991936364714,FALSE
2290,"38",2022,55.262,-53.9997,50.529,4.1,24.2736113149739,24.2678996999505,2.02535588803538,4.30414819130948,FALSE
2291,"38",2022,55.262,-53.9997,40.665,3.79,22.9424141226769,22.9417332256878,2.07781659962047,2.9315719965352,FALSE
2292,"38",2022,55.262,-53.9997,30.851,3.99,22.9711150103842,22.9610278196667,2.07635724495149,3.66202859394966,FALSE
2293,"38",2022,55.262,-53.9997,21.062,3.93,22.9701487655946,22.9672652392215,2.07662942700344,3.4349824808496,FALSE
2294,"38",2022,55.262,-53.9997,11.016,3.99,22.9711150103842,22.9610278196667,2.07635724495149,3.66202859394966,FALSE
2295,"38",2022,55.262,-53.9997,5.652,3.87,22.9662632817439,22.963864018902,2.0768013640245,3.21556134806438,FALSE
2296,"40",2022,55.612,-53.632,2940.964,1.98,20.5149287883592,14.762425069094,1.97999999934558,4.28263307880348e-19,TRUE
2297,"40",2022,55.612,-53.632,2877.986,2.04,19.9023449953535,15.0494208303951,2.04000000913241,8.34009843018427e-17,TRUE
2298,"40",2022,55.612,-53.632,2801.055,1.91,21.2347694733262,14.424173650374,1.90999999928674,5.08732710159215e-19,TRUE
2299,"40",2022,55.612,-53.632,2689.485,1.56,24.9719951558678,12.6386433979717,1.55999999091394,8.25564119571027e-17,TRUE
2300,"40",2022,55.612,-53.632,2558.228,1.33,27.581765819086,11.2634347724249,1.33000003252844,1.05809927502548e-15,TRUE
2301,"40",2022,55.612,-53.632,2420.392,1.38,26.9959027984118,11.5687030511996,1.37999999908427,8.38556842961985e-19,TRUE
2302,"40",2022,55.612,-53.632,2269.056,1.26,28.4193997225174,10.8268661694452,1.25999999997765,4.99498166488857e-22,TRUE
2303,"40",2022,55.612,-53.632,2107.931,1.52,25.4101780972793,12.4028224939699,1.51999999642992,1.27454728589251e-17,TRUE
2304,"40",2022,55.612,-53.632,1938.895,1.5,25.6317706819667,12.2848167996502,1.49999999767305,5.41469407774056e-18,TRUE
2305,"40",2022,55.612,-53.632,1759.365,1.46,26.0799102069694,12.0480367150586,1.45999999874659,1.57103116819375e-18,TRUE
2306,"40",2022,55.612,-53.632,1569.515,1.83,22.1978248120391,14.3075363032142,1.82999999923865,5.79660389814249e-19,TRUE
2307,"40",2022,55.612,-53.632,1379.432,1.99,20.4126178425191,14.8105186032254,1.99000002516171,6.33111641408296e-16,TRUE
2308,"40",2022,55.612,-53.632,1177.99,2.21,18.1882963174029,15.8701593991627,2.20999999956312,1.90861688825328e-19,TRUE
2309,"40",2022,55.612,-53.632,988.125,2.66,17.543462994623,17.5426048436342,2.31937186543083,0.116027526060076,FALSE
2310,"40",2022,55.612,-53.632,750.465,2.65,17.4464374184131,17.4461364347575,2.32422752417619,0.106127706004377,FALSE
2311,"40",2022,55.612,-53.632,489.649,2.82,18.4146797985214,18.4141866223764,2.27680755048936,0.29505803720537,FALSE
2312,"40",2022,55.612,-53.632,351.311,2.78,18.4241726858559,18.4232241656641,2.27633711100777,0.253676305747998,FALSE
2313,"40",2022,55.612,-53.632,220.289,2.89,18.9146754245124,18.9145640346669,2.25306345385564,0.405688163814305,FALSE
2314,"40",2022,55.612,-53.632,100.926,3.09,20.4055024899708,20.4017496369133,2.18487348625712,0.819254005880345,FALSE
2315,"40",2022,55.612,-53.632,55.773,3.32,22.4883305155791,22.4881540571628,2.09626615350814,1.49752452704977,FALSE
2316,"40",2022,55.612,-53.632,5.414,3.32,22.4883305155791,22.4881540571628,2.09626615350814,1.49752452704977,FALSE
2317,"50",2022,56.1152,-53.1193,3372.929,2.07,19.5974977711168,15.1925849944858,2.07000000426105,1.81565107853672e-17,TRUE
2318,"50",2022,56.1152,-53.1193,3300.687,1.89,21.6254290707344,14.718793259725,1.88999999929622,4.9530149223371e-19,TRUE
2319,"50",2022,56.1152,-53.1193,3219.905,1.72,23.2885558233046,13.6003878905986,1.7199999991676,6.92884832508205e-19,TRUE
2320,"50",2022,56.1152,-53.1193,3120.171,1.46,26.0799102069694,12.0480367150586,1.45999999874659,1.57103116819375e-18,TRUE
2321,"50",2022,56.1152,-53.1193,2999.358,1.31,27.8190081131215,11.1398498234035,1.3100000128481,1.65073614428068e-16,TRUE
2322,"50",2022,56.1152,-53.1193,2859.2,1.33,27.581765819086,11.2634347724249,1.33000003252844,1.05809927502548e-15,TRUE
2323,"50",2022,56.1152,-53.1193,2700.622,1.38,26.9959027984118,11.5687030511996,1.37999999908427,8.38556842961985e-19,TRUE
2324,"50",2022,56.1152,-53.1193,2519.274,1.41,26.6493273860876,11.7495948917095,1.40999999905072,9.01138397441216e-19,TRUE
2325,"50",2022,56.1152,-53.1193,2100.048,1.52,25.4101780972793,12.4028224939699,1.51999999642992,1.27454728589251e-17,TRUE
2326,"50",2022,56.1152,-53.1193,1879.724,1.74,23.0862034133452,13.7252356158943,1.73999999917775,6.76087104537133e-19,TRUE
2327,"50",2022,56.1152,-53.1193,1641.389,2.04,19.9023449953535,15.0494208303951,2.04000000913241,8.34009843018427e-17,TRUE
2328,"50",2022,56.1152,-53.1193,1401.009,2.46,16.1507706594697,16.149983967022,2.39074640513666,0.00479606040149559,FALSE
2329,"50",2022,56.1152,-53.1193,959.526,2.38,16.2884748306225,16.1795236314724,2.37999998593936,1.97701603050463e-16,TRUE
2330,"50",2022,56.1152,-53.1193,761.271,2.48,16.2914492015295,16.2913387528504,2.38336507073997,0.00933830955309137,FALSE
2331,"50",2022,56.1152,-53.1193,579.968,2.75,18.1975668718539,18.1971779480111,2.2872786019463,0.214111092216771,FALSE
2332,"50",2022,56.1152,-53.1193,401.258,2.92,19.2697636511176,19.2693551282167,2.23647167376256,0.467210972768957,FALSE
2333,"50",2022,56.1152,-53.1193,200.563,3.17,21.0872465255442,21.0872207398297,2.15517185593117,1.02987616199419,FALSE
2334,"50",2022,56.1152,-53.1193,101.336,2.97,19.5369422861519,19.536359773883,2.22414394561592,0.556301253861388,FALSE
2335,"50",2022,56.1152,-53.1193,25.617,3.39,22.5315734270278,22.5312581198156,2.09449278143269,1.67833895336002,FALSE
2336,"50",2022,56.1152,-53.1193,5.269,3.53,22.8843395004047,22.8802639633609,2.08004680972418,2.10236425399102,FALSE
2337,"54",2022,56.9573,-52.2365,3557.789,2.11,19.1928293064226,15.3845230236576,2.11000000100122,1.00244592630431e-18,TRUE
2338,"54",2022,56.9573,-52.2365,3501.912,2.06,19.6989991869762,15.1448403267617,2.06000000559208,3.12713502724057e-17,TRUE
2339,"54",2022,56.9573,-52.2365,3398.887,1.92,21.1315754042964,14.4728292328959,1.91999999929523,4.96705788966524e-19,TRUE
2340,"54",2022,56.9573,-52.2365,3299.363,1.59,24.6477921594649,12.8158570605031,1.58999998208302,3.21018224424265e-16,TRUE
2341,"54",2022,56.9573,-52.2365,3198.603,1.49,25.7431875860443,12.2257380811561,1.48999999807501,3.70557175648191e-18,TRUE
2342,"54",2022,56.9573,-52.2365,3027.824,1.46,26.0799102069694,12.0480367150586,1.45999999874659,1.57103116819375e-18,TRUE
2343,"54",2022,56.9573,-52.2365,2749.972,1.15,29.7770413702344,10.1169224335973,1.14999999903313,9.34843448574634e-19,TRUE
2344,"54",2022,56.9573,-52.2365,2469.456,1.28,28.1779911379703,10.9527663687882,1.28000000203489,4.14079191027654e-18,TRUE
2345,"54",2022,56.9573,-52.2365,2252.496,1.26,28.4193997225174,10.8268661694452,1.25999999997765,4.99498166488857e-22,TRUE
2346,"54",2022,56.9573,-52.2365,2011.439,1.38,26.9959027984118,11.5687030511996,1.37999999908427,8.38556842961985e-19,TRUE
2347,"54",2022,56.9573,-52.2365,1072.101,2.15,18.788957634974,15.5754318950563,2.14999999997608,5.723777767465e-22,TRUE
2348,"54",2022,56.9573,-52.2365,872.652,2.38,16.2884748306225,16.1795236314724,2.37999998593936,1.97701603050463e-16,TRUE
2349,"54",2022,56.9573,-52.2365,680.546,2.46,16.1507706594697,16.149983967022,2.39074640513666,0.00479606040149559,FALSE
2350,"54",2022,56.9573,-52.2365,509.303,2.7,17.8305559698114,17.8303150185525,2.30519205065531,0.155873316865757,FALSE
2351,"54",2022,56.9573,-52.2365,359.674,3.04,20.0597633280587,20.0593365980957,2.20041247802276,0.704907207059881,FALSE
2352,"54",2022,56.9573,-52.2365,221.181,3.33,22.2507560515201,22.2477314799532,2.10594282176929,1.49831597557812,FALSE
2353,"54",2022,56.9573,-52.2365,99.923,3.46,22.0434197266456,22.0403761564511,2.11453940840593,1.81026420353265,FALSE
2354,"54",2022,56.9573,-52.2365,50.298,3.49,23.1503799202192,23.1483325068043,2.06943315601628,2.01801015822587,FALSE
2355,"54",2022,56.9573,-52.2365,24.952,3.54,22.9954419075631,22.9941762517925,2.0756652153332,2.14427636158516,FALSE
2356,"64",2022,57.7908,-51.3488,3597.293,2.23,17.9891989336136,15.970490700535,2.22999999955428,1.98670588785985e-19,TRUE
2357,"64",2022,57.7908,-51.3488,3564.082,2.1,19.2938843382355,15.3365741951823,2.10000000151188,2.285791739576e-18,TRUE
2358,"64",2022,57.7908,-51.3488,3485.032,2,20.3102892048076,14.8582626252637,2.00000002148952,4.61799524567025e-16,TRUE
2359,"64",2022,57.7908,-51.3488,3379.697,1.63,24.2215568725012,13.0535403646474,1.62999995970943,1.62332974395353e-15,TRUE
2360,"64",2022,57.7908,-51.3488,3252.775,1.48,25.855016947014,12.1665904527613,1.47999999837254,2.64862803944602e-18,TRUE
2361,"64",2022,57.7908,-51.3488,3125.025,1.32,27.7001794295661,11.201753245641,1.32000002080254,4.32745666826908e-16,TRUE
2362,"64",2022,57.7908,-51.3488,2942.39,1.37,27.1122503479053,11.5080471961941,1.36999999908881,8.30264810676595e-19,TRUE
2363,"64",2022,57.7908,-51.3488,2740.535,1.22,28.9072381766136,10.5721562814355,1.21999999915986,7.05831417395226e-19,TRUE
2364,"64",2022,57.7908,-51.3488,2519.372,1.46,26.0799102069694,12.0480367150586,1.45999999874659,1.57103116819375e-18,TRUE
2365,"64",2022,57.7908,-51.3488,2287.281,1.39,26.8799667320103,11.6291741961057,1.3899999990774,8.51193621377005e-19,TRUE
2366,"64",2022,57.7908,-51.3488,2040.393,1.7,23.4927234867261,13.4769159020439,1.69999999915827,7.08508677311288e-19,TRUE
2367,"64",2022,57.7908,-51.3488,1787.687,2.05,19.8006454225347,15.0971919674204,2.05000000713492,5.09071307655846e-17,TRUE
2368,"64",2022,57.7908,-51.3488,1547.69,2.34,16.9052880856685,16.5499253620174,2.33999999887693,1.26129339009987e-18,TRUE
2369,"64",2022,57.7908,-51.3488,1301.707,2.6,17.0986816000483,17.0972484422777,2.34169159678838,0.0667232311697364,FALSE
2370,"64",2022,57.7908,-51.3488,1067.125,2.61,17.1917412450612,17.1913329976531,2.33701658064683,0.0745199472417484,FALSE
2371,"64",2022,57.7908,-51.3488,749.325,2.77,18.3479205435401,18.3478689512169,2.28003072841755,0.24006988709504,FALSE
2372,"64",2022,57.7908,-51.3488,509.992,3.05,20.2161995739248,20.2130271964981,2.19331504533943,0.733909111541778,FALSE
2373,"64",2022,57.7908,-51.3488,356.606,3.15,20.9060201176826,20.905887798996,2.16301959527714,0.974130319306893,FALSE
2374,"64",2022,57.7908,-51.3488,222.15,3.02,19.9517232736146,19.9513107417897,2.20527789810181,0.663772103321397,FALSE
2375,"64",2022,57.7908,-51.3488,100.042,3.19,21.3086533713274,21.297565993924,2.14529299518462,1.09141272591033,FALSE
2376,"64",2022,57.7908,-51.3488,53.107,3.42,22.0827193473766,22.0822539638869,2.11298856000293,1.7082789042832,FALSE
2377,"64",2022,57.7908,-51.3488,25.694,3.35,21.9632403945704,21.9625548446083,2.11795883614315,1.51792542943775,FALSE
2378,"64",2022,57.7908,-51.3488,1.646,3.42,22.0827193473766,22.0822539638869,2.11298856000293,1.7082789042832,FALSE
2379,"71",2022,58.6398,-50.4,3569.433,2.07,19.5974977711168,15.1925849944858,2.07000000426105,1.81565107853672e-17,TRUE
2380,"71",2022,58.6398,-50.4,3499.768,2.13,18.9912766166969,15.4811939732536,2.13000000026382,6.96015016126012e-20,TRUE
2381,"71",2022,58.6398,-50.4,3430.107,2.02,20.1060846235616,14.9538730876728,2.02000001437707,2.06700058179286e-16,TRUE
2382,"71",2022,58.6398,-50.4,3319.946,1.71,23.3904124408564,13.5384881105232,1.70999999916284,7.00831860029135e-19,TRUE
2383,"71",2022,58.6398,-50.4,3199.696,1.46,26.0799102069694,12.0480367150586,1.45999999874659,1.57103116819375e-18,TRUE
2384,"71",2022,58.6398,-50.4,3059.463,1.39,26.8799667320103,11.6291741961057,1.3899999990774,8.51193621377005e-19,TRUE
2385,"71",2022,58.6398,-50.4,2899.205,1.27,28.2984864429366,10.8899359228927,1.27000000073716,5.43397499487275e-19,TRUE
2386,"71",2022,58.6398,-50.4,2711.214,1.21,29.0302444156173,10.5078647070755,1.20999999913889,7.41510173925698e-19,TRUE
2387,"71",2022,58.6398,-50.4,2500.175,1.21,29.0302444156173,10.5078647070755,1.20999999913889,7.41510173925698e-19,TRUE
2388,"71",2022,58.6398,-50.4,2270.033,1.37,27.1122503479053,11.5080471961941,1.36999999908881,8.30264810676595e-19,TRUE
2389,"71",2022,58.6398,-50.4,2020.969,1.49,25.7431875860443,12.2257380811561,1.48999999807501,3.70557175648191e-18,TRUE
2390,"71",2022,58.6398,-50.4,1770.821,1.73,23.1871531352355,13.6626317604525,1.72999999917257,6.84644652779564e-19,TRUE
2391,"71",2022,58.6398,-50.4,1530.555,2.22,18.0886750769359,15.9201725593961,2.21999999955586,1.9725703814914e-19,TRUE
2392,"71",2022,58.6398,-50.4,1291.134,2.34,16.9052880856685,16.5499253620174,2.33999999887693,1.26129339009987e-18,TRUE
2393,"71",2022,58.6398,-50.4,1070.403,2.25,17.7906905956048,16.0721193717664,2.24999999956032,1.93318368812454e-19,TRUE
2394,"71",2022,58.6398,-50.4,749.933,2.72,17.9749674236887,17.9745237813577,2.29810636690434,0.177994237646652,FALSE
2395,"71",2022,58.6398,-50.4,510.38,2.75,18.1975668718539,18.1971779480111,2.2872786019463,0.214111092216771,FALSE
2396,"71",2022,58.6398,-50.4,360.619,3.01,19.6880772060606,19.6875180604294,2.21723242082948,0.628480434583885,FALSE
2397,"71",2022,58.6398,-50.4,221.762,3.28,22.0356734993355,22.0356561662502,2.11496037069331,1.35731733785507,FALSE
2398,"71",2022,58.6398,-50.4,101.954,3.34,21.8555760718713,21.8549825743014,2.12246635550032,1.48238817548868,FALSE
2399,"71",2022,58.6398,-50.4,53.632,3.5,22.3344485461255,22.3341739346587,2.10258079107802,1.95278044546412,FALSE
2400,"71",2022,58.6398,-50.4,26.888,3.58,23.8151384342883,23.4542333658405,2.03158642465128,2.39758460032421,FALSE
2401,"71",2022,58.6398,-50.4,3.374,3.63,23.8566144753243,23.8498192488438,2.04143138218957,2.52355025349213,FALSE
2402,"80",2022,59.4835,-49.4785,3438.293,2.14,18.8895371851128,15.5270285735392,2.14000000018041,3.25469341737951e-20,TRUE
2403,"80",2022,59.4835,-49.4785,3347.773,2.04,19.9023449953535,15.0494208303951,2.04000000913241,8.34009843018427e-17,TRUE
2404,"80",2022,59.4835,-49.4785,3294.452,1.91,21.2347694733262,14.424173650374,1.90999999928674,5.08732710159215e-19,TRUE
2405,"80",2022,59.4835,-49.4785,3195.45,1.9,21.5315061004161,14.7893834503336,1.89999999930667,4.80710882757717e-19,TRUE
2406,"80",2022,59.4835,-49.4785,3081.11,1.44,26.306446341027,11.9290572836499,1.43999999893593,1.13225145976474e-18,TRUE
2407,"80",2022,59.4835,-49.4785,2949.685,1.28,28.1779911379703,10.9527663687882,1.28000000203489,4.14079191027654e-18,TRUE
2408,"80",2022,59.4835,-49.4785,2789.412,1.3,27.9382525394149,11.0777200822808,1.30000000757628,5.74000092686342e-17,TRUE
2409,"80",2022,59.4835,-49.4785,2603.129,1.27,28.2984864429366,10.8899359228927,1.27000000073716,5.43397499487275e-19,TRUE
2410,"80",2022,59.4835,-49.4785,2188.801,1.32,27.7001794295661,11.201753245641,1.32000002080254,4.32745666826908e-16,TRUE
2411,"80",2022,59.4835,-49.4785,1959.299,1.59,24.6477921594649,12.8158570605031,1.58999998208302,3.21018224424265e-16,TRUE
2412,"80",2022,59.4835,-49.4785,1730.026,1.97,20.617430158694,14.7144319185153,1.96999999933733,4.39136424317425e-19,TRUE
2413,"80",2022,59.4835,-49.4785,1501.701,2.29,17.39552127291,16.2799128056473,2.28999999958214,1.7460361337434e-19,TRUE
2414,"80",2022,59.4835,-49.4785,1279.421,2.44,16.304994779003,16.3049903246662,2.38265802582468,0.00328810200232333,FALSE
2415,"80",2022,59.4835,-49.4785,1068.494,2.53,16.6457862410348,16.645457084564,2.36490787095662,0.0272554110720744,FALSE
2416,"80",2022,59.4835,-49.4785,748.767,2.62,17.2468597712038,17.2416357439028,2.33407990320887,0.0817503017490467,FALSE
2417,"80",2022,59.4835,-49.4785,509.889,2.78,18.4241726858559,18.4232241656641,2.27633711100777,0.253676305747998,FALSE
2418,"80",2022,59.4835,-49.4785,362.203,2.87,18.8872144243065,18.8866068989377,2.25433952710119,0.379037817889981,FALSE
2419,"80",2022,59.4835,-49.4785,221.307,2.91,19.0769081816905,19.0632169368252,2.24501371857592,0.442206754482222,FALSE
2420,"80",2022,59.4835,-49.4785,100.51,3.39,22.5315734270278,22.5312581198156,2.09449278143269,1.67833895336002,FALSE
2421,"80",2022,59.4835,-49.4785,50.917,3.54,22.9954419075631,22.9941762517925,2.0756652153332,2.14427636158516,FALSE
2422,"80",2022,59.4835,-49.4785,25.893,3.61,23.7259921729379,23.7255821625666,2.04673397028744,2.44380067965328,FALSE
2423,"80",2022,59.4835,-49.4785,3.49,3.68,22.9633755603107,22.9523416278747,2.07663781423077,2.57077029875468,FALSE
2424,"84",2022,59.9835,-48.8977,3049.455,2.1,19.2938843382355,15.3365741951823,2.10000000151188,2.285791739576e-18,TRUE
2425,"84",2022,59.9835,-48.8977,2939.333,2.07,19.5974977711168,15.1925849944858,2.07000000426105,1.81565107853672e-17,TRUE
2426,"84",2022,59.9835,-48.8977,2860.278,1.87,21.8145127506446,14.5793967533483,1.86999999927583,5.24423879804398e-19,TRUE
2427,"84",2022,59.9835,-48.8977,2759.278,1.53,25.3000047953069,12.4617783523532,1.5299999955092,2.0167248330315e-17,TRUE
2428,"84",2022,59.9835,-48.8977,2640.6,1.4,26.7644417133646,11.6894686367863,1.39999999906685,8.70760637681643e-19,TRUE
2429,"84",2022,59.9835,-48.8977,2500.7,1.38,26.9959027984118,11.5687030511996,1.37999999908427,8.38556842961985e-19,TRUE
2430,"84",2022,59.9835,-48.8977,2339.786,1.27,28.2984864429366,10.8899359228927,1.27000000073716,5.43397499487275e-19,TRUE
2431,"84",2022,59.9835,-48.8977,2160.605,1.23,28.7846505057813,10.6362012607295,1.22999999921189,6.2111355638794e-19,TRUE
2432,"84",2022,59.9835,-48.8977,1981.683,1.27,28.2984864429366,10.8899359228927,1.27000000073716,5.43397499487275e-19,TRUE
2433,"84",2022,59.9835,-48.8977,1781.399,1.52,25.4101780972793,12.4028224939699,1.51999999642992,1.27454728589251e-17,TRUE
2434,"84",2022,59.9835,-48.8977,1581.412,1.78,22.6869060415329,13.9795617963088,1.77999999920123,6.38032706129459e-19,TRUE
2435,"84",2022,59.9835,-48.8977,1381.799,2.15,18.788957634974,15.5754318950563,2.14999999997608,5.723777767465e-22,TRUE
2436,"84",2022,59.9835,-48.8977,1182.36,2.17,18.5881920399359,15.6727794794916,2.16999999972447,7.59191295761411e-20,TRUE
2437,"84",2022,59.9835,-48.8977,982.874,2.12,19.0919616913281,15.4327286831946,2.12000000058637,3.43835059536537e-19,TRUE
2438,"84",2022,59.9835,-48.8977,751.544,2.68,17.5322628162066,17.5319808326932,2.3199480540617,0.129637403773957,FALSE
2439,"84",2022,59.9835,-48.8977,501.38,2.8,18.3765736166793,18.3666643593299,2.27833034126885,0.272139232840678,FALSE
2440,"84",2022,59.9835,-48.8977,382.13,2.71,17.7381435019626,17.7371861797875,2.30972103450329,0.160223250219119,FALSE
2441,"84",2022,59.9835,-48.8977,261.033,3.04,20.0597633280587,20.0593365980957,2.20041247802276,0.704907207059881,FALSE
2442,"84",2022,59.9835,-48.8977,170.04,3.22,21.3234769098738,21.323201508925,2.14501141628736,1.15560045511251,FALSE
2443,"84",2022,59.9835,-48.8977,50.922,3.06,20.0199024151109,20.0198353187731,2.20221673547537,0.735792128898535,FALSE
2444,"84",2022,59.9835,-48.8977,26.031,3.74,22.9590503928546,22.9571486621415,2.07710760121031,2.76521112995253,FALSE
2445,"84",2022,59.9835,-48.8977,3.435,3.9,22.9685883528236,22.9649759054441,2.07666856711173,3.32453751415838,FALSE
2446,"88",2022,60.5673,-48.2243,114.271,4.08,22.9632570610373,22.9607329040006,2.07691822813539,4.01233658477625,FALSE
2447,"88",2022,60.5673,-48.2243,100.514,4.04,22.9665845641573,22.9573473327869,2.07656695750101,3.85506931237684,FALSE
2448,"88",2022,60.5673,-48.2243,80.215,4.2,16.7357330998521,16.7331374102915,2.36019514674181,3.38488189807238,FALSE
2449,"88",2022,60.5673,-48.2243,60.252,4.32,17.161342792269,17.1592625164092,2.33849819199416,3.9263494151304,FALSE
2450,"88",2022,60.5673,-48.2243,50.105,4.23,17.0301856223919,17.0286661672024,2.34516615835702,3.55259861060264,FALSE
2451,"88",2022,60.5673,-48.2243,30.14,4.32,17.161342792269,17.1592625164092,2.33849819199416,3.9263494151304,FALSE
2452,"88",2022,60.5673,-48.2243,10.171,4.3,16.7889116830936,16.7841419339637,2.35739011549922,3.77373316336012,FALSE
2453,"88",2022,60.5673,-48.2243,3.594,4.28,17.1573086332893,17.1572251161886,2.33876709612477,3.76838518708786,FALSE
2454,"94",2022,60.6172,-48.2005,124.464,4.16,16.7702383655803,16.7694573211637,2.35847899308555,3.24547793835406,FALSE
2455,"94",2022,60.6172,-48.2005,100.439,4.08,22.9632570610373,22.9607329040006,2.07691822813539,4.01233658477625,FALSE
2456,"94",2022,60.6172,-48.2005,80.415,4.17,17.2250643527322,17.2249870982503,2.33534585083777,3.36595584703818,FALSE
2457,"94",2022,60.6172,-48.2005,60.18,4.21,16.7395428484935,16.7364907381514,2.35998423901393,3.42255831589687,FALSE
2458,"94",2022,60.6172,-48.2005,50.328,4.24,17.1970345227266,17.1962266444474,2.33673632742134,3.62241260735759,FALSE
2459,"94",2022,60.6172,-48.2005,40.487,4.08,22.9632570610373,22.9607329040006,2.07691822813539,4.01233658477625,FALSE
2460,"94",2022,60.6172,-48.2005,30.111,4.33,17.1612024466195,17.1611604429902,2.33857155630056,3.96578724637517,FALSE
2461,"94",2022,60.6172,-48.2005,20.121,4.34,17.1603991324803,17.1552181400146,2.33844508886781,4.00622206227738,FALSE
2462,"94",2022,60.6172,-48.2005,10.169,4.24,17.1970345227266,17.1962266444474,2.33673632742134,3.62241260735759,FALSE
2463,"94",2022,60.6172,-48.2005,3.849,4.34,17.1603991324803,17.1552181400146,2.33844508886781,4.00622206227738,FALSE
2464,"98",2022,60.447,-48.365,139.458,3.66,22.9607754793785,22.9521406480252,2.07682011342046,2.50645855326999,FALSE
2465,"98",2022,60.447,-48.365,100.021,3.67,22.9665891721836,22.9660176617256,2.07684745312108,2.53813503762679,FALSE
2466,"98",2022,60.447,-48.365,50.087,3.97,22.9725216574172,22.9594241083866,2.07620316889009,3.58646643752193,FALSE
2467,"98",2022,60.447,-48.365,19.976,4.38,16.8276660612871,16.7985272999199,2.35461025050225,4.10220363737055,FALSE
2468,"98",2022,60.447,-48.365,9.971,4.23,17.0301856223919,17.0286661672024,2.34516615835702,3.55259861060264,FALSE
2469,"98",2022,60.447,-48.365,2.717,4.3,16.7889116830936,16.7841419339637,2.35739011549922,3.77373316336012,FALSE
2470,"100",2022,60.3672,-48.4605,576.093,3.01,19.6880772060606,19.6875180604294,2.21723242082948,0.628480434583885,FALSE
2471,"100",2022,60.3672,-48.4605,551.125,2.94,19.4352262012176,19.4345300252312,2.22881578080455,0.505782993632636,FALSE
2472,"100",2022,60.3672,-48.4605,451.403,3,19.781037192786,19.7809103750464,2.21301552503137,0.61934456384165,FALSE
2473,"100",2022,60.3672,-48.4605,352.175,3.22,21.3234769098738,21.323201508925,2.14501141628736,1.15560045511251,FALSE
2474,"100",2022,60.3672,-48.4605,151.01,3.22,21.3234769098738,21.323201508925,2.14501141628736,1.15560045511251,FALSE
2475,"100",2022,60.3672,-48.4605,101.669,3.31,22.4379320392977,22.4366267912454,2.09829466855186,1.46822981025984,FALSE
2476,"100",2022,60.3672,-48.4605,81.123,3.19,21.3086533713274,21.297565993924,2.14529299518462,1.09141272591033,FALSE
2477,"100",2022,60.3672,-48.4605,59.648,3.24,21.7287002489404,21.7268433318153,2.12775712347369,1.23708421638351,FALSE
2478,"100",2022,60.3672,-48.4605,50.649,3.36,21.9844397005589,21.9654733061698,2.11647900049223,1.54634447621681,FALSE
2479,"100",2022,60.3672,-48.4605,40.667,3.48,22.6261674987944,22.6241557468673,2.09057827163394,1.93049273925573,FALSE
2480,"100",2022,60.3672,-48.4605,30.67,3.43,22.062477400439,22.0596538124467,2.11375353529382,1.73250475585153,FALSE
2481,"100",2022,60.3672,-48.4605,20.539,3.34,21.8555760718713,21.8549825743014,2.12246635550032,1.48238817548868,FALSE
2482,"100",2022,60.3672,-48.4605,10.175,3.77,22.9601602551682,22.9598053270254,2.07711305200352,2.86586621869685,FALSE
2483,"100",2022,60.3672,-48.4605,4.392,4.08,22.9632570610373,22.9607329040006,2.07691822813539,4.01233658477625,FALSE
2484,"105",2022,60.2947,-48.5485,2790.249,1.74,23.0862034133452,13.7252356158943,1.73999999917775,6.76087104537133e-19,TRUE
2485,"105",2022,60.2947,-48.5485,2568.797,1.53,25.3000047953069,12.4617783523532,1.5299999955092,2.0167248330315e-17,TRUE
2486,"105",2022,60.2947,-48.5485,2390.976,1.58,24.7554331179201,12.7567176595069,1.57999998563323,2.06404207717326e-16,TRUE
2487,"105",2022,60.2947,-48.5485,2269.698,1.8,22.4899394376865,14.1092996272757,1.79999999921498,6.16251248005102e-19,TRUE
2488,"105",2022,60.2947,-48.5485,2128.826,1.67,23.802380078418,13.2939880017519,1.66999999914557,7.30046971013499e-19,TRUE
2489,"105",2022,60.2947,-48.5485,1971.099,1.75,22.9857053487765,13.7882149667922,1.74999999918319,6.67181038490992e-19,TRUE
2490,"105",2022,60.2947,-48.5485,1788.635,1.73,23.1871531352355,13.6626317604525,1.72999999917257,6.84644652779564e-19,TRUE
2491,"105",2022,60.2947,-48.5485,1606.977,1.86,21.9096883980711,14.5105782030442,1.859999999266,5.38750417438452e-19,TRUE
2492,"105",2022,60.2947,-48.5485,1409.134,1.85,22.0052957642388,14.4423363505441,1.8499999992565,5.52786530317503e-19,TRUE
2493,"105",2022,60.2947,-48.5485,1210.614,2.18,18.488010511869,15.7217609351251,2.17999999965365,1.19956825785924e-19,TRUE
2494,"105",2022,60.2947,-48.5485,999.283,2.53,16.6457862410348,16.645457084564,2.36490787095662,0.0272554110720744,FALSE
2495,"105",2022,60.2947,-48.5485,752.447,2.82,18.4146797985214,18.4141866223764,2.27680755048936,0.29505803720537,FALSE
2496,"105",2022,60.2947,-48.5485,510.609,3.33,22.2507560515201,22.2477314799532,2.10594282176929,1.49831597557812,FALSE
2497,"105",2022,60.2947,-48.5485,367.321,3.42,22.0827193473766,22.0822539638869,2.11298856000293,1.7082789042832,FALSE
2498,"105",2022,60.2947,-48.5485,251.526,3.28,22.0356734993355,22.0356561662502,2.11496037069331,1.35731733785507,FALSE
2499,"105",2022,60.2947,-48.5485,149.916,3.48,22.6261674987944,22.6241557468673,2.09057827163394,1.93049273925573,FALSE
2500,"105",2022,60.2947,-48.5485,99.252,3.47,23.02216091312,23.0217581334289,2.07462026413477,1.94708460726331,FALSE
2501,"105",2022,60.2947,-48.5485,51.509,3.52,23.2890131345237,23.287900915466,2.06393974764192,2.12011145849708,FALSE
2502,"105",2022,60.2947,-48.5485,30.831,3.64,23.6668972469091,23.6643910509633,2.04898022207939,2.53134393373456,FALSE
2503,"105",2022,60.2947,-48.5485,20.271,3.44,22.0823546115712,22.0816707980276,2.11299661534716,1.76093798288009,FALSE
2504,"105",2022,60.2947,-48.5485,11.084,3.73,22.9620028924608,22.960732912681,2.07700929488522,2.73237827119587,FALSE
2505,"105",2022,60.2947,-48.5485,2.498,3.77,22.9601602551682,22.9598053270254,2.07711305200352,2.86586621869685,FALSE
2506,"111",2022,60.1738,-48.6728,2878.272,1.81,22.3921236373503,14.1748750086002,1.80999999922245,6.04581968585048e-19,TRUE
2507,"111",2022,60.1738,-48.6728,2840.16,1.58,24.7554331179201,12.7567176595069,1.57999998563323,2.06404207717326e-16,TRUE
2508,"111",2022,60.1738,-48.6728,2759.619,1.61,24.4338032552408,12.9344343298273,1.6099999727091,7.44793003801611e-16,TRUE
2509,"111",2022,60.1738,-48.6728,2658.834,1.65,24.0110750516421,13.1733371793736,1.6499999991379,7.43210575864223e-19,TRUE
2510,"111",2022,60.1738,-48.6728,2538.738,1.58,24.7554331179201,12.7567176595069,1.57999998563323,2.06404207717326e-16,TRUE
2511,"111",2022,60.1738,-48.6728,2397.569,1.62,24.3274608286939,12.9939112429355,1.61999996670427,1.10860595826277e-15,TRUE
2512,"111",2022,60.1738,-48.6728,2237.97,1.42,26.534623480323,11.8095619844792,1.41999999902627,9.48158300777963e-19,TRUE
2513,"111",2022,60.1738,-48.6728,1859.022,1.67,23.802380078418,13.2939880017519,1.66999999914557,7.30046971013499e-19,TRUE
2514,"111",2022,60.1738,-48.6728,1659.449,1.64,24.1160942289053,13.1133420695679,1.63999995165534,2.33720643474064e-15,TRUE
2515,"111",2022,60.1738,-48.6728,1459.34,1.8,22.4899394376865,14.1092996272757,1.79999999921498,6.16251248005102e-19,TRUE
2516,"111",2022,60.1738,-48.6728,1258.203,1.92,21.1315754042964,14.4728292328959,1.91999999929523,4.96705788966524e-19,TRUE
2517,"111",2022,60.1738,-48.6728,1059.297,2.05,19.8006454225347,15.0971919674204,2.05000000713492,5.09071307655846e-17,TRUE
2518,"111",2022,60.1738,-48.6728,750.329,2.64,17.4030917646455,17.4016397833826,2.32635753250107,0.098371597418819,FALSE
2519,"111",2022,60.1738,-48.6728,561.218,2.87,18.8872144243065,18.8866068989377,2.25433952710119,0.379037817889981,FALSE
2520,"111",2022,60.1738,-48.6728,430.538,2.91,19.0769081816905,19.0632169368252,2.24501371857592,0.442206754482222,FALSE
2521,"111",2022,60.1738,-48.6728,310.653,2.93,19.3510679502811,19.3503899219186,2.23269923410312,0.486228358120377,FALSE
2522,"111",2022,60.1738,-48.6728,199.576,3.29,22.1778562842114,22.1621390657314,2.10854517836595,1.39583549556235,FALSE
2523,"111",2022,60.1738,-48.6728,100.657,3.3,22.3042974146365,22.3037985700661,2.10381566766167,1.4308569569317,FALSE
2524,"111",2022,60.1738,-48.6728,50.806,3.22,21.3234769098738,21.323201508925,2.14501141628736,1.15560045511251,FALSE
2525,"111",2022,60.1738,-48.6728,30.184,3.23,21.4384539006155,21.4379548604048,2.14009600248698,1.18789072379486,FALSE
2526,"111",2022,60.1738,-48.6728,19.623,3.1,20.404680235983,20.399396851576,2.18485988788032,0.837481424810419,FALSE
2527,"111",2022,60.1738,-48.6728,4.999,3.04,20.0597633280587,20.0593365980957,2.20041247802276,0.704907207059881,FALSE
2528,"115",2022,59.7513,-49.167,3260.381,1.99,20.4126178425191,14.8105186032254,1.99000002516171,6.33111641408296e-16,TRUE
2529,"115",2022,59.7513,-49.167,3200.052,1.98,20.5149287883592,14.762425069094,1.97999999934558,4.28263307880348e-19,TRUE
2530,"115",2022,59.7513,-49.167,3119.876,1.92,21.1315754042964,14.4728292328959,1.91999999929523,4.96705788966524e-19,TRUE
2531,"115",2022,59.7513,-49.167,3020.191,1.43,26.4203298220345,11.8693794406937,1.42999999898972,1.02066045986459e-18,TRUE
2532,"115",2022,59.7513,-49.167,2900.434,1.49,25.7431875860443,12.2257380811561,1.48999999807501,3.70557175648191e-18,TRUE
2533,"115",2022,59.7513,-49.167,2770.41,1.64,24.1160942289053,13.1133420695679,1.63999995165534,2.33720643474064e-15,TRUE
2534,"115",2022,59.7513,-49.167,2618.995,1.63,24.2215568725012,13.0535403646474,1.62999995970943,1.62332974395353e-15,TRUE
2535,"115",2022,59.7513,-49.167,2460.116,1.57,24.8635015927865,12.6976525212047,1.56999998854762,1.31157107853653e-16,TRUE
2536,"115",2022,59.7513,-49.167,2060.741,1.54,25.190248723814,12.5207230966813,1.53999999432366,3.22208239255805e-17,TRUE
2537,"115",2022,59.7513,-49.167,1850.551,1.51,25.5207671539479,12.3438402182608,1.50999999713677,8.1981069354909e-18,TRUE
2538,"115",2022,59.7513,-49.167,1641.072,1.61,24.4338032552408,12.9344343298273,1.6099999727091,7.44793003801611e-16,TRUE
2539,"115",2022,59.7513,-49.167,1430.755,2.05,19.8006454225347,15.0971919674204,2.05000000713492,5.09071307655846e-17,TRUE
2540,"115",2022,59.7513,-49.167,1230.831,2.48,16.2914492015295,16.2913387528504,2.38336507073997,0.00933830955309137,FALSE
2541,"115",2022,59.7513,-49.167,1029.756,2.43,16.3140142295332,16.3138835849095,2.38218110352202,0.00228664686037145,FALSE
2542,"115",2022,59.7513,-49.167,482.052,2.82,18.4146797985214,18.4141866223764,2.27680755048936,0.29505803720537,FALSE
2543,"115",2022,59.7513,-49.167,331.827,2.83,18.5915426891779,18.5860552990725,2.26818562571238,0.31563539115619,FALSE
2544,"115",2022,59.7513,-49.167,210.298,2.84,18.6623416879937,18.6615309409946,2.264969520945,0.330660051842226,FALSE
2545,"115",2022,59.7513,-49.167,98.699,2.98,19.6139492344726,19.6135940512968,2.22062421105731,0.57665158883233,FALSE
2546,"115",2022,59.7513,-49.167,49.721,3.35,21.9632403945704,21.9625548446083,2.11795883614315,1.51792542943775,FALSE
2547,"115",2022,59.7513,-49.167,24.495,3.45,22.7325185623513,22.7320191218489,2.08630438623228,1.85966572700933,FALSE
2548,"124",2022,59.0657,-49.9567,3514.207,2,20.3102892048076,14.8582626252637,2.00000002148952,4.61799524567025e-16,TRUE
2549,"124",2022,59.0657,-49.9567,3449.539,2.06,19.6989991869762,15.1448403267617,2.06000000559208,3.12713502724057e-17,TRUE
2550,"124",2022,59.0657,-49.9567,3268.827,1.52,25.4101780972793,12.4028224939699,1.51999999642992,1.27454728589251e-17,TRUE
2551,"124",2022,59.0657,-49.9567,3141.99,1.57,24.8635015927865,12.6976525212047,1.56999998854762,1.31157107853653e-16,TRUE
2552,"124",2022,59.0657,-49.9567,2860.027,1.14,29.9029598494251,10.050900714959,1.13999988661059,1.28571571609284e-14,TRUE
2553,"124",2022,59.0657,-49.9567,2657.773,1.1,30.4107143668901,9.78436850863557,1.10000000112289,1.26088544993745e-18,TRUE
2554,"124",2022,59.0657,-49.9567,2434.721,1.35,27.3461810882518,11.386152349021,1.35000007341176,5.38928582230091e-15,TRUE
2555,"124",2022,59.0657,-49.9567,2208.685,1.22,28.9072381766136,10.5721562814355,1.21999999915986,7.05831417395226e-19,TRUE
2556,"124",2022,59.0657,-49.9567,1972.321,1.56,24.9719951558678,12.6386433979717,1.55999999091394,8.25564119571027e-17,TRUE
2557,"124",2022,59.0657,-49.9567,1500.301,2.24,17.8898700148504,16.0211330933817,2.23999999955625,1.96913208295771e-19,TRUE
2558,"124",2022,59.0657,-49.9567,1280.014,2.41,16.2065100535802,16.2063556557299,2.387828182459,0.000491589493071235,FALSE
2559,"124",2022,59.0657,-49.9567,1068.851,2.4,16.2058718499711,16.2056806059416,2.38786059945268,0.000147365045648157,FALSE
2560,"124",2022,59.0657,-49.9567,749.049,2.57,16.9081501983623,16.9041130105863,2.35130483845203,0.0478275736844946,FALSE
2561,"124",2022,59.0657,-49.9567,508.991,2.71,17.7381435019626,17.7371861797875,2.30972103450329,0.160223250219119,FALSE
2562,"124",2022,59.0657,-49.9567,361.356,2.67,17.6195614993918,17.6194521828774,2.31561581581338,0.125588150001615,FALSE
2563,"124",2022,59.0657,-49.9567,220.429,2.78,18.4241726858559,18.4232241656641,2.27633711100777,0.253676305747998,FALSE
2564,"124",2022,59.0657,-49.9567,100.218,3.19,21.3086533713274,21.297565993924,2.14529299518462,1.09141272591033,FALSE
2565,"124",2022,59.0657,-49.9567,49.952,3.36,21.9844397005589,21.9654733061698,2.11647900049223,1.54634447621681,FALSE
2566,"124",2022,59.0657,-49.9567,24.726,3.3,22.3042974146365,22.3037985700661,2.10381566766167,1.4308569569317,FALSE
2567,"124",2022,59.0657,-49.9567,2.225,3.39,22.5315734270278,22.5312581198156,2.09449278143269,1.67833895336002,FALSE
2568,"129",2022,58.217,-50.8842,3600.938,2.08,19.4961460633539,15.2404498341245,2.08000000314343,9.88116308599158e-18,TRUE
2569,"129",2022,58.217,-50.8842,3519.595,1.97,20.617430158694,14.7144319185153,1.96999999933733,4.39136424317425e-19,TRUE
2570,"129",2022,58.217,-50.8842,3429.64,1.81,22.3921236373503,14.1748750086002,1.80999999922245,6.04581968585048e-19,TRUE
2571,"129",2022,58.217,-50.8842,3318.518,1.32,27.7001794295661,11.201753245641,1.32000002080254,4.32745666826908e-16,TRUE
2572,"129",2022,58.217,-50.8842,3200.145,1.3,27.9382525394149,11.0777200822808,1.30000000757628,5.74000092686342e-17,TRUE
2573,"129",2022,58.217,-50.8842,3061.258,1.26,28.4193997225174,10.8268661694452,1.25999999997765,4.99498166488857e-22,TRUE
2574,"129",2022,58.217,-50.8842,2902.734,1.19,29.2775111496184,10.3785398920628,1.18999999913228,7.52937432458445e-19,TRUE
2575,"129",2022,58.217,-50.8842,2710.674,1.32,27.7001794295661,11.201753245641,1.32000002080254,4.32745666826908e-16,TRUE
2576,"129",2022,58.217,-50.8842,2500.417,1.28,28.1779911379703,10.9527663687882,1.28000000203489,4.14079191027654e-18,TRUE
2577,"129",2022,58.217,-50.8842,2271.38,1.47,25.9672580165188,12.1073608449114,1.46999999858991,1.98834454116809e-18,TRUE
2578,"129",2022,58.217,-50.8842,2022.117,1.61,24.4338032552408,12.9344343298273,1.6099999727091,7.44793003801611e-16,TRUE
2579,"129",2022,58.217,-50.8842,1771.212,1.92,21.1315754042964,14.4728292328959,1.91999999929523,4.96705788966524e-19,TRUE
2580,"129",2022,58.217,-50.8842,1529.689,2.33,17.0029844071317,16.4948940014078,2.32999999683574,1.00125720418427e-17,TRUE
2581,"129",2022,58.217,-50.8842,1288.739,2.55,16.7573392934534,16.7563884491008,2.35913672611984,0.0364287893162547,FALSE
2582,"129",2022,58.217,-50.8842,1071.631,2.69,17.6013138916271,17.597811790748,2.31641067710646,0.139568982180057,FALSE
2583,"129",2022,58.217,-50.8842,753.783,2.88,18.7767385721634,18.7762550660174,2.25955705108227,0.38494945286173,FALSE
2584,"129",2022,58.217,-50.8842,510.954,3.06,20.0199024151109,20.0198353187731,2.20221673547537,0.735792128898535,FALSE
2585,"129",2022,58.217,-50.8842,361.707,3.04,20.0597633280587,20.0593365980957,2.20041247802276,0.704907207059881,FALSE
2586,"129",2022,58.217,-50.8842,220.483,3.19,21.3086533713274,21.297565993924,2.14529299518462,1.09141272591033,FALSE
2587,"129",2022,58.217,-50.8842,101.7,3.31,22.4379320392977,22.4366267912454,2.09829466855186,1.46822981025984,FALSE
2588,"129",2022,58.217,-50.8842,51.397,3.58,23.8151384342883,23.4542333658405,2.03158642465128,2.39758460032421,FALSE
2589,"129",2022,58.217,-50.8842,26.49,3.62,23.7782742055222,23.7722213942864,2.04450914942705,2.48217142023906,FALSE
2590,"129",2022,58.217,-50.8842,6.384,3.51,22.3587916760555,22.3586248574005,2.10158243046685,1.98364005016967,FALSE
2591,"139",2022,57.3808,-51.7887,3582.306,2.16,18.6885084861539,15.6240093364393,2.1599999998284,2.94449066598318e-20,TRUE
2592,"139",2022,57.3808,-51.7887,3499.888,2.08,19.4961460633539,15.2404498341245,2.08000000314343,9.88116308599158e-18,TRUE
2593,"139",2022,57.3808,-51.7887,3400.086,1.97,20.617430158694,14.7144319185153,1.96999999933733,4.39136424317425e-19,TRUE
2594,"139",2022,57.3808,-51.7887,3301.763,1.58,24.7554331179201,12.7567176595069,1.57999998563323,2.06404207717326e-16,TRUE
2595,"139",2022,57.3808,-51.7887,3200.169,1.35,27.3461810882518,11.386152349021,1.35000007341176,5.38928582230091e-15,TRUE
2596,"139",2022,57.3808,-51.7887,3038.706,1.49,25.7431875860443,12.2257380811561,1.48999999807501,3.70557175648191e-18,TRUE
2597,"139",2022,57.3808,-51.7887,2751.08,1.25,28.5407313421939,10.7635549388375,1.24999999955191,2.00784457659104e-19,TRUE
2598,"139",2022,57.3808,-51.7887,2480.28,1.29,28.0579133486855,11.0153600850189,1.29000000417142,1.74007715706943e-17,TRUE
2599,"139",2022,57.3808,-51.7887,2251.123,1.47,25.9672580165188,12.1073608449114,1.46999999858991,1.98834454116809e-18,TRUE
2600,"139",2022,57.3808,-51.7887,2005.908,1.73,23.1871531352355,13.6626317604525,1.72999999917257,6.84644652779564e-19,TRUE
2601,"139",2022,57.3808,-51.7887,1770.399,2.16,18.6885084861539,15.6240093364393,2.1599999998284,2.94449066598318e-20,TRUE
2602,"139",2022,57.3808,-51.7887,1531.054,2.56,16.7960815240733,16.7954416991822,2.35715587326817,0.0411457397495979,FALSE
2603,"139",2022,57.3808,-51.7887,1290.23,2.58,16.9473038487682,16.9461831572544,2.34940027373545,0.0531762337532858,FALSE
2604,"139",2022,57.3808,-51.7887,1069.847,2.66,17.543462994623,17.5426048436342,2.31937186543083,0.116027526060076,FALSE
2605,"139",2022,57.3808,-51.7887,870.212,2.88,18.7767385721634,18.7762550660174,2.25955705108227,0.38494945286173,FALSE
2606,"139",2022,57.3808,-51.7887,680.508,3.12,20.6950819538267,20.6944778615338,2.17221211829711,0.898301868702859,FALSE
2607,"139",2022,57.3808,-51.7887,510.625,3.16,21.0016269139159,21.0006269521947,2.15884248120334,1.00231637744308,FALSE
2608,"139",2022,57.3808,-51.7887,360.382,3.27,21.9215866493721,21.9189506712197,2.11963590497896,1.32333755111357,FALSE
2609,"139",2022,57.3808,-51.7887,214.475,3.07,20.3305100534282,20.3302644087134,2.18831731805782,0.777364351636763,FALSE
2610,"139",2022,57.3808,-51.7887,99.738,3.45,22.7325185623513,22.7320191218489,2.08630438623228,1.85966572700933,FALSE
2611,"139",2022,57.3808,-51.7887,49.855,3.81,22.9685289436747,22.9593283208365,2.07648995151236,3.00505708820764,FALSE
2612,"139",2022,57.3808,-51.7887,24.993,3.75,22.9599669800358,22.9583754893886,2.07708077732014,2.79865872561179,FALSE
2613,"153",2022,56.5408,-52.6742,3461.584,1.89,21.6254290707344,14.718793259725,1.88999999929622,4.9530149223371e-19,TRUE
2614,"153",2022,56.5408,-52.6742,3379.089,1.76,22.8856574288624,13.8515852221162,1.75999999918889,6.57892338325649e-19,TRUE
2615,"153",2022,56.5408,-52.6742,3279.991,1.49,25.7431875860443,12.2257380811561,1.48999999807501,3.70557175648191e-18,TRUE
2616,"153",2022,56.5408,-52.6742,3161.554,1.29,28.0579133486855,11.0153600850189,1.29000000417142,1.74007715706943e-17,TRUE
2617,"153",2022,56.5408,-52.6742,3030.502,1.18,29.4017706904807,10.3135061782386,1.17999998220626,3.16617176601059e-16,TRUE
2618,"153",2022,56.5408,-52.6742,2863.06,1.14,29.9029598494251,10.050900714959,1.13999988661059,1.28571571609284e-14,TRUE
2619,"153",2022,56.5408,-52.6742,2662.46,1.2,29.1536689037545,10.4433260066279,1.19999999913248,7.52584112603505e-19,TRUE
2620,"153",2022,56.5408,-52.6742,2440.971,1.25,28.5407313421939,10.7635549388375,1.24999999955191,2.00784457659104e-19,TRUE
2621,"153",2022,56.5408,-52.6742,2209.281,1.51,25.5207671539479,12.3438402182608,1.50999999713677,8.1981069354909e-18,TRUE
2622,"153",2022,56.5408,-52.6742,1967.639,1.85,22.0052957642388,14.4423363505441,1.8499999992565,5.52786530317503e-19,TRUE
2623,"153",2022,56.5408,-52.6742,1730.106,2.47,16.3281446419263,16.3274105576732,2.38142118025318,0.00784620730774022,FALSE
2624,"153",2022,56.5408,-52.6742,1502.484,2.51,16.5055808075466,16.5052243006134,2.37217399137114,0.0189960086545612,FALSE
2625,"153",2022,56.5408,-52.6742,1282.298,2.55,16.7573392934534,16.7563884491008,2.35913672611984,0.0364287893162547,FALSE
2626,"153",2022,56.5408,-52.6742,1070.51,2.7,17.8305559698114,17.8303150185525,2.30519205065531,0.155873316865757,FALSE
2627,"153",2022,56.5408,-52.6742,749.558,2.71,17.7381435019626,17.7371861797875,2.30972103450329,0.160223250219119,FALSE
2628,"153",2022,56.5408,-52.6742,510.145,2.7,17.8305559698114,17.8303150185525,2.30519205065531,0.155873316865757,FALSE
2629,"153",2022,56.5408,-52.6742,219.739,2.76,18.0285518624179,18.0275997480139,2.29547378053478,0.215784608570651,FALSE
2630,"153",2022,56.5408,-52.6742,99.814,2.72,17.9749674236887,17.9745237813577,2.29810636690434,0.177994237646652,FALSE
2631,"153",2022,56.5408,-52.6742,49.422,3.04,20.0597633280587,20.0593365980957,2.20041247802276,0.704907207059881,FALSE
2632,"153",2022,56.5408,-52.6742,23.955,3.34,21.8555760718713,21.8549825743014,2.12246635550032,1.48238817548868,FALSE
2633,"156",2022,55.8457,-53.3925,3161.309,1.94,20.9255812238598,14.5698295196642,1.9399999993122,4.73064312190674e-19,TRUE
2634,"156",2022,55.8457,-53.3925,3099.853,1.89,21.6254290707344,14.718793259725,1.88999999929622,4.9530149223371e-19,TRUE
2635,"156",2022,55.8457,-53.3925,2950.624,1.5,25.6317706819667,12.2848167996502,1.49999999767305,5.41469407774056e-18,TRUE
2636,"156",2022,55.8457,-53.3925,2901.396,1.33,27.581765819086,11.2634347724249,1.33000003252844,1.05809927502548e-15,TRUE
2637,"156",2022,55.8457,-53.3925,2809.726,1.25,28.5407313421939,10.7635549388375,1.24999999955191,2.00784457659104e-19,TRUE
2638,"156",2022,55.8457,-53.3925,2690.619,1.14,29.9029598494251,10.050900714959,1.13999988661059,1.28571571609284e-14,TRUE
2639,"156",2022,55.8457,-53.3925,2559.532,1.08,30.6670129514569,9.64964264604401,1.08000001979855,3.91982728033295e-16,TRUE
2640,"156",2022,55.8457,-53.3925,2409.427,1.08,30.6670129514569,9.64964264604401,1.08000001979855,3.91982728033295e-16,TRUE
2641,"156",2022,55.8457,-53.3925,2230.058,1.31,27.8190081131215,11.1398498234035,1.3100000128481,1.65073614428068e-16,TRUE
2642,"156",2022,55.8457,-53.3925,2010.122,1.11,30.2831664479807,9.85136770091741,1.10999999947264,2.78108499460954e-19,TRUE
2643,"156",2022,55.8457,-53.3925,1789.33,1.52,25.4101780972793,12.4028224939699,1.51999999642992,1.27454728589251e-17,TRUE
2644,"156",2022,55.8457,-53.3925,1552.435,1.85,22.0052957642388,14.4423363505441,1.8499999992565,5.52786530317503e-19,TRUE
2645,"156",2022,55.8457,-53.3925,1310.995,2.33,17.0029844071317,16.4948940014078,2.32999999683574,1.00125720418427e-17,TRUE
2646,"156",2022,55.8457,-53.3925,752.763,2.63,17.462540384946,17.4620983522271,2.32341871061404,0.0939920870015605,FALSE
2647,"156",2022,55.8457,-53.3925,552.163,2.66,17.543462994623,17.5426048436342,2.31937186543083,0.116027526060076,FALSE
2648,"156",2022,55.8457,-53.3925,398.974,2.55,16.7573392934534,16.7563884491008,2.35913672611984,0.0364287893162547,FALSE
2649,"156",2022,55.8457,-53.3925,290.82,2.63,17.462540384946,17.4620983522271,2.32341871061404,0.0939920870015605,FALSE
2650,"156",2022,55.8457,-53.3925,188.342,2.69,17.6013138916271,17.597811790748,2.31641067710646,0.139568982180057,FALSE
2651,"156",2022,55.8457,-53.3925,99.275,2.99,19.5397254463269,19.5394828576718,2.22402740161851,0.586714021471284,FALSE
2652,"156",2022,55.8457,-53.3925,49.672,3.24,21.7287002489404,21.7268433318153,2.12775712347369,1.23708421638351,FALSE
2653,"156",2022,55.8457,-53.3925,25.026,3.18,20.9003783651111,20.9002536417401,2.16326514174801,1.0337497719847,FALSE
2654,"156",2022,55.8457,-53.3925,3.011,3.31,22.4379320392977,22.4366267912454,2.09829466855186,1.46822981025984,FALSE
2655,"166",2022,55.4217,-53.8137,2704.864,1.63,24.2215568725012,13.0535403646474,1.62999995970943,1.62332974395353e-15,TRUE
2656,"166",2022,55.4217,-53.8137,2589.502,1.63,24.2215568725012,13.0535403646474,1.62999995970943,1.62332974395353e-15,TRUE
2657,"166",2022,55.4217,-53.8137,2512.401,1.62,24.3274608286939,12.9939112429355,1.61999996670427,1.10860595826277e-15,TRUE
2658,"166",2022,55.4217,-53.8137,2407.716,1.31,27.8190081131215,11.1398498234035,1.3100000128481,1.65073614428068e-16,TRUE
2659,"166",2022,55.4217,-53.8137,2289.599,1.21,29.0302444156173,10.5078647070755,1.20999999913889,7.41510173925698e-19,TRUE
2660,"166",2022,55.4217,-53.8137,2151.519,1.35,27.3461810882518,11.386152349021,1.35000007341176,5.38928582230091e-15,TRUE
2661,"166",2022,55.4217,-53.8137,1992.175,1.38,26.9959027984118,11.5687030511996,1.37999999908427,8.38556842961985e-19,TRUE
2662,"166",2022,55.4217,-53.8137,1811.031,1.48,25.855016947014,12.1665904527613,1.47999999837254,2.64862803944602e-18,TRUE
2663,"166",2022,55.4217,-53.8137,1608.912,1.58,24.7554331179201,12.7567176595069,1.57999998563323,2.06404207717326e-16,TRUE
2664,"166",2022,55.4217,-53.8137,1409.488,1.78,22.6869060415329,13.9795617963088,1.77999999920123,6.38032706129459e-19,TRUE
2665,"166",2022,55.4217,-53.8137,1208.399,2.13,18.9912766166969,15.4811939732536,2.13000000026382,6.96015016126012e-20,TRUE
2666,"166",2022,55.4217,-53.8137,1029.358,2.33,17.0029844071317,16.4948940014078,2.32999999683574,1.00125720418427e-17,TRUE
2667,"166",2022,55.4217,-53.8137,749.977,2.56,16.7960815240733,16.7954416991822,2.35715587326817,0.0411457397495979,FALSE
2668,"166",2022,55.4217,-53.8137,511.025,2.63,17.462540384946,17.4620983522271,2.32341871061404,0.0939920870015605,FALSE
2669,"166",2022,55.4217,-53.8137,371.128,2.76,18.0285518624179,18.0275997480139,2.29547378053478,0.215784608570651,FALSE
2670,"166",2022,55.4217,-53.8137,250.283,2.77,18.3479205435401,18.3478689512169,2.28003072841755,0.24006988709504,FALSE
2671,"166",2022,55.4217,-53.8137,150.291,2.89,18.9146754245124,18.9145640346669,2.25306345385564,0.405688163814305,FALSE
2672,"166",2022,55.4217,-53.8137,99.681,3,19.781037192786,19.7809103750464,2.21301552503137,0.61934456384165,FALSE
2673,"166",2022,55.4217,-53.8137,51.341,3.24,21.7287002489404,21.7268433318153,2.12775712347369,1.23708421638351,FALSE
2674,"166",2022,55.4217,-53.8137,31.273,3.37,22.4430927170902,22.440826797134,2.09805182349608,1.61785216371165,FALSE
2675,"166",2022,55.4217,-53.8137,21.077,3.44,22.0823546115712,22.0816707980276,2.11299661534716,1.76093798288009,FALSE
2676,"166",2022,55.4217,-53.8137,11.045,3.19,21.3086533713274,21.297565993924,2.14529299518462,1.09141272591033,FALSE
2677,"166",2022,55.4217,-53.8137,2.777,3.21,21.4543564901379,21.4522254478598,2.13936563353923,1.14625794664686,FALSE
2678,"168",2022,55.033,-54.2163,536.837,2.65,17.4464374184131,17.4461364347575,2.32422752417619,0.106127706004377,FALSE
2679,"168",2022,55.033,-54.2163,501.046,2.71,17.7381435019626,17.7371861797875,2.30972103450329,0.160223250219119,FALSE
2680,"168",2022,55.033,-54.2163,250.704,2.66,17.543462994623,17.5426048436342,2.31937186543083,0.116027526060076,FALSE
2681,"168",2022,55.033,-54.2163,31.406,3.43,22.062477400439,22.0596538124467,2.11375353529382,1.73250475585153,FALSE
2682,"168",2022,55.033,-54.2163,11.11,3.83,22.9660697421896,22.9608500208699,2.07671779586448,3.07399848733829,FALSE
2683,"168",2022,55.033,-54.2163,3.944,4.05,22.9587932931504,22.9566573973212,2.07711035958861,3.89229353324258,FALSE
2684,"169",2022,54.9555,-54.2962,347.98,2.86,18.6236468411307,18.6231408352643,2.2668195871264,0.351863002216896,FALSE
2685,"169",2022,54.9555,-54.2962,330.41,2.84,18.6623416879937,18.6615309409946,2.264969520945,0.330660051842226,FALSE
2686,"169",2022,54.9555,-54.2962,290.527,2.81,18.4403077574003,18.4397080641218,2.27557459917851,0.285610509043207,FALSE
2687,"169",2022,54.9555,-54.2962,250.766,2.94,19.4352262012176,19.4345300252312,2.22881578080455,0.505782993632636,FALSE
2688,"169",2022,54.9555,-54.2962,202.19,3.05,20.2161995739248,20.2130271964981,2.19331504533943,0.733909111541778,FALSE
2689,"169",2022,54.9555,-54.2962,151.366,3.59,23.6665786930091,23.6638315647142,2.04898493772338,2.37472742216342,FALSE
2690,"169",2022,54.9555,-54.2962,103.142,3.38,22.4906560210379,22.4900726808275,2.09615774502409,1.64825093566163,FALSE
2691,"169",2022,54.9555,-54.2962,51.026,3.65,22.9579662600019,22.9528427384501,2.07704686032779,2.47418157960467,FALSE
2692,"169",2022,54.9555,-54.2962,31.238,3.97,22.9725216574172,22.9594241083866,2.07620316889009,3.58646643752193,FALSE
2693,"169",2022,54.9555,-54.2962,11.254,3.83,22.9660697421896,22.9608500208699,2.07671779586448,3.07399848733829,FALSE
2694,"169",2022,54.9555,-54.2962,3.754,3.93,22.9701487655946,22.9672652392215,2.07662942700344,3.4349824808496,FALSE
2695,"175",2022,54.747,-54.4923,233.019,2.96,19.458119928846,19.4579621308178,2.22777939184826,0.536147019002106,FALSE
2696,"175",2022,54.747,-54.4923,200.616,3.14,20.8620718324209,20.861500558466,2.16491750459809,0.95078587283921,FALSE
2697,"175",2022,54.747,-54.4923,151.021,3.45,22.7325185623513,22.7320191218489,2.08630438623228,1.85966572700933,FALSE
2698,"175",2022,54.747,-54.4923,100.987,3.6,23.3714080355931,23.3637891662015,2.06045987670675,2.37018379122978,FALSE
2699,"175",2022,54.747,-54.4923,51.675,3.9,22.9685883528236,22.9649759054441,2.07666856711173,3.32453751415838,FALSE
2700,"175",2022,54.747,-54.4923,31.075,3.95,22.9650901172319,22.9640960116152,2.07689405623656,3.50852587656194,FALSE
2701,"175",2022,54.747,-54.4923,11.046,3.7,22.972414029416,22.9551480079739,2.07607245014751,2.63714068716992,FALSE
2702,"175",2022,54.747,-54.4923,2.238,4.03,22.9655579526646,22.9621046158622,2.07679559116988,3.81500746267341,FALSE
2703,"179",2022,54.4897,-54.7492,187.354,2.66,17.543462994623,17.5426048436342,2.31937186543083,0.116027526060076,FALSE
2704,"179",2022,54.4897,-54.7492,100.114,3.2,21.3806297366411,21.3796670449506,2.14254656998677,1.11820775664675,FALSE
2705,"179",2022,54.4897,-54.7492,49.555,3.46,22.0434197266456,22.0403761564511,2.11453940840593,1.81026420353265,FALSE
2706,"179",2022,54.4897,-54.7492,29.903,3.45,22.7325185623513,22.7320191218489,2.08630438623228,1.85966572700933,FALSE
2707,"179",2022,54.4897,-54.7492,10.028,3.61,23.7259921729379,23.7255821625666,2.04673397028744,2.44380067965328,FALSE
2708,"179",2022,54.4897,-54.7492,2.94,3.61,23.7259921729379,23.7255821625666,2.04673397028744,2.44380067965328,FALSE
2709,"180",2022,54.2202,-55.0243,159.233,3.26,21.7860907675854,21.7858790008497,2.12539571474732,1.28732688411376,FALSE
2710,"180",2022,54.2202,-55.0243,141.208,3.43,22.062477400439,22.0596538124467,2.11375353529382,1.73250475585153,FALSE
2711,"180",2022,54.2202,-55.0243,99.337,3.47,23.02216091312,23.0217581334289,2.07462026413477,1.94708460726331,FALSE
2712,"180",2022,54.2202,-55.0243,49.784,3.59,23.6665786930091,23.6638315647142,2.04898493772338,2.37472742216342,FALSE
2713,"180",2022,54.2202,-55.0243,9.386,3.73,22.9620028924608,22.960732912681,2.07700929488522,2.73237827119587,FALSE
2714,"180",2022,54.2202,-55.0243,2.337,3.74,22.9590503928546,22.9571486621415,2.07710760121031,2.76521112995253,FALSE
2715,"187",2022,53.9783,-55.2555,138.261,3.26,21.7860907675854,21.7858790008497,2.12539571474732,1.28732688411376,FALSE
2716,"187",2022,53.9783,-55.2555,124.872,3.43,22.062477400439,22.0596538124467,2.11375353529382,1.73250475585153,FALSE
2717,"187",2022,53.9783,-55.2555,100.004,3.47,23.02216091312,23.0217581334289,2.07462026413477,1.94708460726331,FALSE
2718,"187",2022,53.9783,-55.2555,20.038,3.73,22.9620028924608,22.960732912681,2.07700929488522,2.73237827119587,FALSE
2719,"187",2022,53.9783,-55.2555,3.086,3.74,22.9590503928546,22.9571486621415,2.07710760121031,2.76521112995253,FALSE
2720,"188",2022,53.8638,-55.3697,163.077,3.09,20.4055024899708,20.4017496369133,2.18487348625712,0.819254005880345,FALSE
2721,"188",2022,53.8638,-55.3697,150.132,3.31,22.4379320392977,22.4366267912454,2.09829466855186,1.46822981025984,FALSE
2722,"188",2022,53.8638,-55.3697,101.375,3.38,22.4906560210379,22.4900726808275,2.09615774502409,1.64825093566163,FALSE
2723,"188",2022,53.8638,-55.3697,50.109,3.59,23.6665786930091,23.6638315647142,2.04898493772338,2.37472742216342,FALSE
2724,"188",2022,53.8638,-55.3697,20.771,3.61,23.7259921729379,23.7255821625666,2.04673397028744,2.44380067965328,FALSE
2725,"188",2022,53.8638,-55.3697,2.457,3.84,22.9647298229682,22.962125947963,2.07685641054919,3.10867531702149,FALSE
2726,"6",2023,55.602,-53.6222,2880.148,2.01,21.1678335011281,14.7154282627775,2.01000000513157,2.63330545564456e-17,TRUE
2727,"6",2023,55.602,-53.6222,2800.156,2.02,21.069316369866,14.7702447835629,2.0200000039678,1.57434393042711e-17,TRUE
2728,"6",2023,55.602,-53.6222,2688.471,1.82,23.1424644445694,13.8328197581391,1.81999999925558,5.54158612486575e-19,TRUE
2729,"6",2023,55.602,-53.6222,2558.951,1.68,24.5291587720059,12.9388718016214,1.67999997835171,4.68648317859398e-16,TRUE
2730,"6",2023,55.602,-53.6222,2417.822,1.57,25.6805147543325,12.2770876260546,1.56999999728903,7.34933729434192e-18,TRUE
2731,"6",2023,55.602,-53.6222,2272.173,1.59,25.4672024975385,12.3960749331188,1.58999999597746,1.61808501220189e-17,TRUE
2732,"6",2023,55.602,-53.6222,2109.4,1.51,26.3309074373926,11.9213257955418,1.50999999882508,1.38043112388003e-18,TRUE
2733,"6",2023,55.602,-53.6222,1941.062,1.71,24.2245266950189,13.1240615052217,1.70999996678252,1.1034007186584e-15,TRUE
2734,"6",2023,55.602,-53.6222,1761.333,1.93,22.1147315184038,14.6067789970853,1.92999999935979,4.09866138198062e-19,TRUE
2735,"6",2023,55.602,-53.6222,1572.597,2.23,19.0343967968014,15.9717179502778,2.22999999960829,1.53439331677815e-19,TRUE
2736,"6",2023,55.602,-53.6222,1380.842,2.48,16.8188733998723,16.8187095741396,2.44315155283515,0.00135780805846107,FALSE
2737,"6",2023,55.602,-53.6222,1179.794,2.67,18.1700691119725,18.1669750810385,2.37464242556663,0.087236096775161,FALSE
2738,"6",2023,55.602,-53.6222,989.91,2.95,20.3371705040235,20.3370641094291,2.27247138571106,0.459045023180287,FALSE
2739,"6",2023,55.602,-53.6222,489.962,3.24,22.3037290132384,22.3036272021677,2.18675071472923,1.10933405692339,FALSE
2740,"6",2023,55.602,-53.6222,351.115,3.39,23.341860593533,23.3417609817548,2.14394808435533,1.55264537648174,FALSE
2741,"6",2023,55.602,-53.6222,221.032,3.38,23.8163720576933,23.8161771570615,2.12490731319534,1.57525765247054,FALSE
2742,"6",2023,55.602,-53.6222,99.904,3.48,23.1626781035662,22.8581128320444,2.14131820279936,1.79206895415632,FALSE
2743,"6",2023,55.602,-53.6222,50.357,3.63,22.7902636617016,22.7900358975974,2.16648578195084,2.14187386643203,FALSE
2744,"6",2023,55.602,-53.6222,30.278,3.77,22.9268375470529,22.9261245662104,2.16084684623459,2.58937387227317,FALSE
2745,"6",2023,55.602,-53.6222,10.415,3.63,22.7902636617016,22.7900358975974,2.16648578195084,2.14187386643203,FALSE
2746,"6",2023,55.602,-53.6222,2.257,3.62,22.9237700514235,22.9207613841657,2.16089838848015,2.12897751273982,FALSE
2747,"10",2023,55.8397,-53.3998,3162.241,1.93,22.1147315184038,14.6067789970853,1.92999999935979,4.09866138198062e-19,TRUE
2748,"10",2023,55.8397,-53.3998,3020.95,1.83,23.046815140836,13.9001366669287,1.8299999992643,5.41260944022524e-19,TRUE
2749,"10",2023,55.8397,-53.3998,2920.811,1.55,25.8955739861495,12.1583862395971,1.54999999809744,3.61972990065988e-18,TRUE
2750,"10",2023,55.8397,-53.3998,2811.252,1.6,25.3612040921119,12.4557186248925,1.59999999507124,2.42926626627059e-17,TRUE
2751,"10",2023,55.8397,-53.3998,2691.672,1.59,25.4672024975385,12.3960749331188,1.58999999597746,1.61808501220189e-17,TRUE
2752,"10",2023,55.8397,-53.3998,2561.026,1.51,26.3309074373926,11.9213257955418,1.50999999882508,1.38043112388003e-18,TRUE
2753,"10",2023,55.8397,-53.3998,2410.621,1.63,25.0458537286754,12.6354641382374,1.62999999102056,8.06302803544079e-17,TRUE
2754,"10",2023,55.8397,-53.3998,2230.498,1.61,25.2556456937271,12.5154859373647,1.60999999396175,3.64604886711172e-17,TRUE
2755,"10",2023,55.8397,-53.3998,2009.995,1.77,23.6274962318639,13.5039991024565,1.76999999921455,6.16935425242381e-19,TRUE
2756,"10",2023,55.8397,-53.3998,1791.109,1.89,22.4823370640345,14.31643834391,1.88999999932,4.62397660675952e-19,TRUE
2757,"10",2023,55.8397,-53.3998,1550.803,2.28,18.5607564501728,16.2840689198083,2.28000000024774,6.13731523986127e-20,TRUE
2758,"10",2023,55.8397,-53.3998,1309.759,2.54,17.0392918041996,17.0386549679581,2.43171396541875,0.0117258652853318,FALSE
2759,"10",2023,55.8397,-53.3998,1089.609,2.78,18.9779962248367,18.9778275423764,2.33558603727672,0.197503770263405,FALSE
2760,"10",2023,55.8397,-53.3998,750.543,3.07,21.3441867672536,21.3437561767565,2.22777726178684,0.709339140763271,FALSE
2761,"10",2023,55.8397,-53.3998,550.428,3.5,22.9528169600826,22.9527194139125,2.15980029030605,1.79613526186374,FALSE
2762,"10",2023,55.8397,-53.3998,400.307,3.55,22.9446167946625,22.9342044307224,2.15980229255197,1.93264966579375,FALSE
2763,"10",2023,55.8397,-53.3998,290.794,3.54,22.9556417623526,22.9554498368048,2.15968132578228,1.90527964239415,FALSE
2764,"10",2023,55.8397,-53.3998,189.834,3.68,22.9352978335063,22.9305203866147,2.16036761016354,2.30928260024007,FALSE
2765,"10",2023,55.8397,-53.3998,100.343,3.87,22.9513982137306,22.9499750317906,2.15981552075904,2.92473095303666,FALSE
2766,"10",2023,55.8397,-53.3998,49.51,3.92,22.9413085791348,22.9397976208125,2.16022677750968,3.09680179459396,FALSE
2767,"10",2023,55.8397,-53.3998,24.732,3.96,24.6505679712261,22.5617094121009,2.02326051774962,3.75095982210748,FALSE
2768,"10",2023,55.8397,-53.3998,1.916,4.01,16.9006112597883,16.9002540828906,2.43889730843806,2.46836366743317,FALSE
2769,"10",2023,55.8397,-53.3998,1.782,3.84,22.9469166443063,22.9356153793177,2.15967906913836,2.82347843069172,FALSE
2770,"14",2023,56.1082,-53.1047,3365.845,2.34,17.9989430630154,16.6805067221475,2.33999999949735,2.52660515325426e-19,TRUE
2771,"14",2023,56.1082,-53.1047,3300.373,2.32,18.1853662868112,16.5454260211448,2.3199999989234,1.15906691033611e-18,TRUE
2772,"14",2023,56.1082,-53.1047,3220.745,2.14,19.8985866958501,15.441590349447,2.13999999959651,1.62806077026937e-19,TRUE
2773,"14",2023,56.1082,-53.1047,3120.633,1.81,23.2385649779955,13.7660446351439,1.80999999924704,5.66952314265987e-19,TRUE
2774,"14",2023,56.1082,-53.1047,3000.195,1.53,26.1123732056605,12.0398399177075,1.52999999856787,2.05100515537495e-18,TRUE
2775,"14",2023,56.1082,-53.1047,2860.663,1.56,25.787826476863,12.217709547456,1.55999999774487,5.08560467942848e-18,TRUE
2776,"14",2023,56.1082,-53.1047,2701.001,1.51,26.3309074373926,11.9213257955418,1.50999999882508,1.38043112388003e-18,TRUE
2777,"14",2023,56.1082,-53.1047,2519.535,1.58,25.5736397523461,12.3365370768131,1.57999999670798,1.08373678371364e-17,TRUE
2778,"14",2023,56.1082,-53.1047,2320.518,1.44,27.1094277575749,11.5052195783618,1.4399999990506,9.01362684709687e-19,TRUE
2779,"14",2023,56.1082,-53.1047,2100.001,1.6,25.3612040921119,12.4557186248925,1.59999999507124,2.42926626627059e-17,TRUE
2780,"14",2023,56.1082,-53.1047,1749.756,2.16,19.7056949655582,15.5573366303424,2.15999999956763,1.86943553675069e-19,TRUE
2781,"14",2023,56.1082,-53.1047,1399.681,2.55,17.0986211650261,17.0983682400137,2.4286696294479,0.0147210588183098,FALSE
2782,"14",2023,56.1082,-53.1047,1181.496,2.87,19.5096645493129,19.5091562409389,2.31048693605023,0.313054868730463,FALSE
2783,"14",2023,56.1082,-53.1047,959.147,2.86,19.5263079532362,19.5196749065414,2.30951091479825,0.303038232926262,FALSE
2784,"14",2023,56.1082,-53.1047,760.308,3.13,21.7781131455134,21.776484669785,2.2089995045336,0.848241912649362,FALSE
2785,"14",2023,56.1082,-53.1047,579.658,3.52,22.9575868948896,22.9533886116383,2.15947160584407,1.85103751130452,FALSE
2786,"14",2023,56.1082,-53.1047,429.079,3.64,22.9473497385716,22.9374882287167,2.15970799416067,2.19126442255184,FALSE
2787,"14",2023,56.1082,-53.1047,309.455,3.54,22.9556417623526,22.9554498368048,2.15968132578228,1.90527964239415,FALSE
2788,"14",2023,56.1082,-53.1047,200.158,3.63,22.7902636617016,22.7900358975974,2.16648578195084,2.14187386643203,FALSE
2789,"14",2023,56.1082,-53.1047,100.581,3.46,23.5820036552972,23.5755932527102,2.13406893649569,1.75809318516568,FALSE
2790,"14",2023,56.1082,-53.1047,50.064,3.79,22.9375935403959,22.9369854486609,2.16040856870778,2.65556823294102,FALSE
2791,"14",2023,56.1082,-53.1047,25.061,3.9,22.9281843768007,22.9206365886787,2.16056986211896,3.02561720456887,FALSE
2792,"14",2023,56.1082,-53.1047,1.071,3.77,22.9268375470529,22.9261245662104,2.16084684623459,2.58937387227317,FALSE
2793,"18",2023,56.5323,-52.6668,3536.989,2.15,19.8021626752155,15.4995271105282,2.14999999957537,1.80309220758345e-19,TRUE
2794,"18",2023,56.5323,-52.6668,3459.964,2.14,19.8985866958501,15.441590349447,2.13999999959651,1.62806077026937e-19,TRUE
2795,"18",2023,56.5323,-52.6668,3378.758,1.83,23.046815140836,13.9001366669287,1.8299999992643,5.41260944022524e-19,TRUE
2796,"18",2023,56.5323,-52.6668,3160.838,1.43,27.2223836050296,11.4454538252256,1.42999999905423,8.94483656720434e-19,TRUE
2797,"18",2023,56.5323,-52.6668,3029.349,1.51,26.3309074373926,11.9213257955418,1.50999999882508,1.38043112388003e-18,TRUE
2798,"18",2023,56.5323,-52.6668,2860.502,1.36,28.025391496946,11.0235599414897,1.36000000891256,7.94337222115431e-17,TRUE
2799,"18",2023,56.5323,-52.6668,2663.174,1.32,28.4940689460739,10.779137156156,1.32000000006753,4.55975862371645e-21,TRUE
2800,"18",2023,56.5323,-52.6668,2440.321,1.31,28.612370984104,10.7176050290378,1.30999999956919,1.85598450793847e-19,TRUE
2801,"18",2023,56.5323,-52.6668,2211.404,1.51,26.3309074373926,11.9213257955418,1.50999999882508,1.38043112388003e-18,TRUE
2802,"18",2023,56.5323,-52.6668,1973.656,1.71,24.2245266950189,13.1240615052217,1.70999996678252,1.1034007186584e-15,TRUE
2803,"18",2023,56.5323,-52.6668,1733.186,2.16,19.7056949655582,15.5573366303424,2.15999999956763,1.86943553675069e-19,TRUE
2804,"18",2023,56.5323,-52.6668,1500.795,2.61,17.6829648747073,17.6823717027904,2.39895049711717,0.044541892667089,FALSE
2805,"18",2023,56.5323,-52.6668,1281.082,2.62,17.7634984706408,17.7634656019447,2.39492984619754,0.0506565741326637,FALSE
2806,"18",2023,56.5323,-52.6668,1071.065,2.81,19.2252015017448,19.2245504590049,2.32384016578257,0.236351384406321,FALSE
2807,"18",2023,56.5323,-52.6668,749.485,2.98,20.5060851000533,20.5056844916435,2.26484697412311,0.51144385042087,FALSE
2808,"18",2023,56.5323,-52.6668,511.654,3.35,23.5085774390294,23.5062638447584,2.13715086169944,1.4710030322764,FALSE
2809,"18",2023,56.5323,-52.6668,362.22,3.54,22.9556417623526,22.9554498368048,2.15968132578228,1.90527964239415,FALSE
2810,"18",2023,56.5323,-52.6668,219.392,3.7,22.9388443148654,22.9386744616666,2.16037142990649,2.3704561338482,FALSE
2811,"18",2023,56.5323,-52.6668,99.681,3.75,22.9379769417572,22.9379667063036,2.1604122154479,2.52678932479725,FALSE
2812,"18",2023,56.5323,-52.6668,49.1,3.85,22.954049575978,22.9474311190135,2.15953824763031,2.8576609362248,FALSE
2813,"18",2023,56.5323,-52.6668,24.813,3.95,22.9737391759921,22.9287897457781,2.15748700855029,3.213102824516,FALSE
2814,"18",2023,56.5323,-52.6668,2.676,3.95,22.9737391759921,22.9287897457781,2.15748700855029,3.213102824516,FALSE
2815,"23",2023,56.9517,-52.2255,3564.021,2.37,17.7210159452499,16.8891961982634,2.36999999966942,1.09279911834782e-19,TRUE
2816,"23",2023,56.9517,-52.2255,3499.938,2.25,18.8443798278933,16.0949247986853,2.24999999962553,1.40226624721352e-19,TRUE
2817,"23",2023,56.9517,-52.2255,3402.045,1.96,21.8430873019851,14.8311326456236,1.95999999939043,3.71576065437714e-19,TRUE
2818,"23",2023,56.9517,-52.2255,3300.729,1.73,24.0236996440681,13.2491598291866,1.72999995777714,1.78276991478273e-15,TRUE
2819,"23",2023,56.9517,-52.2255,3199.959,1.48,26.6619570656421,11.7433681442907,1.4799999989933,1.01345439243689e-18,TRUE
2820,"23",2023,56.9517,-52.2255,3032.465,1.49,26.5511741250798,11.8027298581686,1.48999999895629,1.08932084587145e-18,TRUE
2821,"23",2023,56.9517,-52.2255,2746.044,1.39,27.6785911832836,11.2052027620917,1.39000003750346,1.4065097537821e-15,TRUE
2822,"23",2023,56.9517,-52.2255,2465.188,1.52,26.2214236649009,11.9805861726189,1.51999999871686,1.6464375321011e-18,TRUE
2823,"23",2023,56.9517,-52.2255,2246.933,1.54,26.0037564611594,12.0991015734999,1.53999999836616,2.66942791047707e-18,TRUE
2824,"23",2023,56.9517,-52.2255,2013.285,1.86,22.7625660201622,14.105523118605,1.85999999929145,5.02050177335472e-19,TRUE
2825,"23",2023,56.9517,-52.2255,1769.754,2.32,18.1853662868112,16.5454260211448,2.3199999989234,1.15906691033611e-18,TRUE
2826,"23",2023,56.9517,-52.2255,1529.272,2.61,17.6829648747073,17.6823717027904,2.39895049711717,0.044541892667089,FALSE
2827,"23",2023,56.9517,-52.2255,1288.664,2.75,18.7143413499221,18.7138271521968,2.34821266645587,0.161433061396503,FALSE
2828,"23",2023,56.9517,-52.2255,1067.877,2.9,19.8807076780565,19.8714677865135,2.29300075281163,0.368448086087249,FALSE
2829,"23",2023,56.9517,-52.2255,871.66,2.98,20.5060851000533,20.5056844916435,2.26484697412311,0.51144385042087,FALSE
2830,"23",2023,56.9517,-52.2255,683.471,3.45,23.4491506103899,23.4457032052286,2.13950689914685,1.71739216738371,FALSE
2831,"23",2023,56.9517,-52.2255,511.197,3.52,22.9575868948896,22.9533886116383,2.15947160584407,1.85103751130452,FALSE
2832,"23",2023,56.9517,-52.2255,360.764,3.71,22.9415057296132,22.9405552216617,2.1602368591087,2.40176579286528,FALSE
2833,"23",2023,56.9517,-52.2255,220.959,3.58,22.9574372555412,22.9568421744606,2.15959458850987,2.01755153299045,FALSE
2834,"23",2023,56.9517,-52.2255,99.754,3.53,22.9565740729263,22.9546074471866,2.15958552712655,1.87803582746102,FALSE
2835,"23",2023,56.9517,-52.2255,50.092,3.78,22.932193321354,22.930021381036,2.16057958414637,2.62252248328355,FALSE
2836,"23",2023,56.9517,-52.2255,24.69,3.83,22.946054370924,22.9355404287906,2.15973999542416,2.7897684828857,FALSE
2837,"23",2023,56.9517,-52.2255,2.508,3.76,22.9453864157048,22.9438962011223,2.16006006766995,2.55980778706427,FALSE
2838,"27",2023,57.3713,-51.7878,3582.642,2.36,17.8134236138315,16.8187938090834,2.35999999967076,1.08401442554841e-19,TRUE
2839,"27",2023,57.3713,-51.7878,3502.159,2.32,18.1853662868112,16.5454260211448,2.3199999989234,1.15906691033611e-18,TRUE
2840,"27",2023,57.3713,-51.7878,3401.413,2.04,20.8727165439053,14.8802387208562,2.04000000217484,4.72993809121436e-18,TRUE
2841,"27",2023,57.3713,-51.7878,3299.464,1.72,24.1238864866373,13.1864335917866,1.71999996237519,1.41562640613607e-15,TRUE
2842,"27",2023,57.3713,-51.7878,3200.975,1.48,26.6619570656421,11.7433681442907,1.4799999989933,1.01345439243689e-18,TRUE
2843,"27",2023,57.3713,-51.7878,3039.835,1.42,27.3357766452048,11.3855774796316,1.41999999905625,8.90671544314319e-19,TRUE
2844,"27",2023,57.3713,-51.7878,2751.844,1.38,27.7937464201404,11.1448045024301,1.3800000241302,5.82266329915548e-16,TRUE
2845,"27",2023,57.3713,-51.7878,2480.242,1.41,27.4496080876336,11.3255820139714,1.40999999905731,8.88658854516966e-19,TRUE
2846,"27",2023,57.3713,-51.7878,2251.094,1.57,25.6805147543325,12.2770876260546,1.56999999728903,7.34933729434192e-18,TRUE
2847,"27",2023,57.3713,-51.7878,2009.249,1.79,23.4321232107393,13.6340470551362,1.78999999923046,5.92194525994658e-19,TRUE
2848,"27",2023,57.3713,-51.7878,1768.045,2.17,19.6095315078379,15.6158398548352,2.16999999956582,1.88514800939017e-19,TRUE
2849,"27",2023,57.3713,-51.7878,1529.023,2.52,17.1340989705651,17.1338054413611,2.42684410330578,0.0086780210889042,FALSE
2850,"27",2023,57.3713,-51.7878,1290.997,2.68,18.121786382872,18.1209624567733,2.37709595609895,0.0917508598116093,FALSE
2851,"27",2023,57.3713,-51.7878,1071.334,2.96,20.2918624988579,20.2914995080365,2.27451394858879,0.469891126679326,FALSE
2852,"27",2023,57.3713,-51.7878,868.869,3.04,20.9607045959481,20.9600608936983,2.24458592883165,0.632683544612605,FALSE
2853,"27",2023,57.3713,-51.7878,681.314,3.5,22.9528169600826,22.9527194139125,2.15980029030605,1.79613526186374,FALSE
2854,"27",2023,57.3713,-51.7878,510.045,3.58,22.9574372555412,22.9568421744606,2.15959458850987,2.01755153299045,FALSE
2855,"27",2023,57.3713,-51.7878,357.942,3.79,22.9375935403959,22.9369854486609,2.16040856870778,2.65556823294102,FALSE
2856,"27",2023,57.3713,-51.7878,219.972,3.84,22.9469166443063,22.9356153793177,2.15967906913836,2.82347843069172,FALSE
2857,"27",2023,57.3713,-51.7878,50.13,3.58,22.9574372555412,22.9568421744606,2.15959458850987,2.01755153299045,FALSE
2858,"27",2023,57.3713,-51.7878,24.643,3.88,22.955367868651,22.949996250475,2.15952459491286,2.96003561950976,FALSE
2859,"27",2023,57.3713,-51.7878,1.778,3.93,22.963981882283,22.9491518744794,2.15886446181459,3.13692109462334,FALSE
2860,"31",2023,57.7925,-51.325,3591.877,2.27,18.6551061436923,16.2204096171146,2.27000000041374,1.71178709567078e-19,TRUE
2861,"31",2023,57.7925,-51.325,3491.181,2.29,18.4666032434127,16.3483738145518,2.28999999950455,2.45466206246404e-19,TRUE
2862,"31",2023,57.7925,-51.325,3377.42,2.05,20.7746349486942,14.9354471527026,2.05000000152104,2.31355378069653e-18,TRUE
2863,"31",2023,57.7925,-51.325,3251.986,1.72,24.1238864866373,13.1864335917866,1.71999996237519,1.41562640613607e-15,TRUE
2864,"31",2023,57.7925,-51.325,3117.667,1.51,26.3309074373926,11.9213257955418,1.50999999882508,1.38043112388003e-18,TRUE
2865,"31",2023,57.7925,-51.325,2938.696,1.3,28.731129539072,10.6558961466741,1.29999999930415,4.84214082538586e-19,TRUE
2866,"31",2023,57.7925,-51.325,2739.448,1.27,29.0901599924733,10.4696878204829,1.26999999908671,8.34099636562864e-19,TRUE
2867,"31",2023,57.7925,-51.325,2518.458,1.28,28.9700225767809,10.5319392555981,1.27999999911134,7.89717446114352e-19,TRUE
2868,"31",2023,57.7925,-51.325,2289.487,1.36,28.025391496946,11.0235599414897,1.36000000891256,7.94337222115431e-17,TRUE
2869,"31",2023,57.7925,-51.325,2040.662,1.69,24.4271638068742,13.000300427712,1.68999997480738,6.34668034840073e-16,TRUE
2870,"31",2023,57.7925,-51.325,1789.044,2.24,18.9392969637313,16.0330489373384,2.23999999961702,1.46673240701164e-19,TRUE
2871,"31",2023,57.7925,-51.325,1558.452,2.59,17.4027984368699,17.4024711945974,2.41311353328376,0.0312888221073552,FALSE
2872,"31",2023,57.7925,-51.325,1300.654,2.67,18.1700691119725,18.1669750810385,2.37464242556663,0.087236096775161,FALSE
2873,"31",2023,57.7925,-51.325,1071.978,2.93,20.0593836276111,20.0584309559186,2.28507445517003,0.415928958374228,FALSE
2874,"31",2023,57.7925,-51.325,751.618,3.2,21.6546586772656,21.6482487930467,2.21414445353083,0.971911158504029,FALSE
2875,"31",2023,57.7925,-51.325,513.115,3.63,22.7902636617016,22.7900358975974,2.16648578195084,2.14187386643203,FALSE
2876,"31",2023,57.7925,-51.325,360.518,3.73,22.9334943675652,22.9320068276698,2.16054835508095,2.46317846573912,FALSE
2877,"31",2023,57.7925,-51.325,218.618,3.81,22.9554966633328,22.9439603476158,2.15931937150976,2.72474653727294,FALSE
2878,"31",2023,57.7925,-51.325,101.946,3.82,22.9519697263211,22.9462243890227,2.15965190451364,2.75675579818517,FALSE
2879,"31",2023,57.7925,-51.325,50.629,3.97,21.6457364154591,21.6448618751678,2.21470855565846,3.08104805457861,FALSE
2880,"31",2023,57.7925,-51.325,25.609,3.96,24.6505679712261,22.5617094121009,2.02326051774962,3.75095982210748,FALSE
2881,"31",2023,57.7925,-51.325,2.105,3.87,22.9513982137306,22.9499750317906,2.15981552075904,2.92473095303666,FALSE
2882,"35",2023,58.2197,-50.8738,3600.294,2.37,17.7210159452499,16.8891961982634,2.36999999966942,1.09279911834782e-19,TRUE
2883,"35",2023,58.2197,-50.8738,3519.174,2.25,18.8443798278933,16.0949247986853,2.24999999962553,1.40226624721352e-19,TRUE
2884,"35",2023,58.2197,-50.8738,3427.479,2.11,20.1892647346615,15.2707112100112,2.10999999976704,5.42705096243506e-20,TRUE
2885,"35",2023,58.2197,-50.8738,3199.804,1.8,23.3351176139694,13.6997930897299,1.79999999923866,5.7963367949237e-19,TRUE
2886,"35",2023,58.2197,-50.8738,3061.423,1.5,26.4408242820518,11.8620448171637,1.49999999890228,1.20498608680227e-18,TRUE
2887,"35",2023,58.2197,-50.8738,2896.875,1.46,26.884823491783,11.6244563931405,1.45999999903419,9.32793435550071e-19,TRUE
2888,"35",2023,58.2197,-50.8738,2708.555,1.39,27.6785911832836,11.2052027620917,1.39000003750346,1.4065097537821e-15,TRUE
2889,"35",2023,58.2197,-50.8738,2500.618,1.54,26.0037564611594,12.0991015734999,1.53999999836616,2.66942791047707e-18,TRUE
2890,"35",2023,58.2197,-50.8738,2271.571,1.53,26.1123732056605,12.0398399177075,1.52999999856787,2.05100515537495e-18,TRUE
2891,"35",2023,58.2197,-50.8738,1768.639,2.1,20.2863899657574,15.2141351655304,2.09999999989677,1.06562225015457e-20,TRUE
2892,"35",2023,58.2197,-50.8738,1292.744,2.67,18.1700691119725,18.1669750810385,2.37464242556663,0.087236096775161,FALSE
2893,"35",2023,58.2197,-50.8738,1074.368,2.91,19.874675047549,19.874426901893,2.29357094302293,0.379984782285641,FALSE
2894,"35",2023,58.2197,-50.8738,749.595,3.01,20.7886481650941,20.7883126698016,2.25221996024001,0.574230588658645,FALSE
2895,"35",2023,58.2197,-50.8738,511.401,3.52,22.9575868948896,22.9533886116383,2.15947160584407,1.85103751130452,FALSE
2896,"35",2023,58.2197,-50.8738,361.188,3.64,22.9473497385716,22.9374882287167,2.15970799416067,2.19126442255184,FALSE
2897,"35",2023,58.2197,-50.8738,222.414,3.74,22.9447281515141,22.9445329496074,2.16012908018188,2.49599212328694,FALSE
2898,"35",2023,58.2197,-50.8738,101.882,3.82,22.9519697263211,22.9462243890227,2.15965190451364,2.75675579818517,FALSE
2899,"35",2023,58.2197,-50.8738,49.706,3.95,22.9737391759921,22.9287897457781,2.15748700855029,3.213102824516,FALSE
2900,"35",2023,58.2197,-50.8738,25.742,3.99,16.8005027176825,16.799616760554,2.44408518344657,2.38985262003944,FALSE
2901,"35",2023,58.2197,-50.8738,1.42,3.84,22.9469166443063,22.9356153793177,2.15967906913836,2.82347843069172,FALSE
2902,"40",2023,58.6343,-50.4065,3571.08,2.23,19.0343967968014,15.9717179502778,2.22999999960829,1.53439331677815e-19,TRUE
2903,"40",2023,58.6343,-50.4065,3500.223,2.21,19.2251330765903,15.8505945571865,2.20999999959083,1.67419024178106e-19,TRUE
2904,"40",2023,58.6343,-50.4065,3430.205,2.07,20.5789143792654,15.0463722660624,2.07000000059694,3.56337691903174e-19,TRUE
2905,"40",2023,58.6343,-50.4065,3321.371,1.73,24.0236996440681,13.2491598291866,1.72999995777714,1.78276991478273e-15,TRUE
2906,"40",2023,58.6343,-50.4065,3200.665,1.49,26.5511741250798,11.8027298581686,1.48999999895629,1.08932084587145e-18,TRUE
2907,"40",2023,58.6343,-50.4065,3062.69,1.4,27.5638786047931,11.2654598297665,1.40000005666862,3.2113330233128e-15,TRUE
2908,"40",2023,58.6343,-50.4065,2900.985,1.34,28.2588276057879,10.9016825864683,1.34000000247269,6.11418841012234e-18,TRUE
2909,"40",2023,58.6343,-50.4065,2712.128,1.37,27.9093459571178,11.0842587983905,1.37000001499924,2.24977176099485e-16,TRUE
2910,"40",2023,58.6343,-50.4065,2499.199,1.41,27.4496080876336,11.3255820139714,1.40999999905731,8.88658854516966e-19,TRUE
2911,"40",2023,58.6343,-50.4065,2267.795,1.46,26.884823491783,11.6244563931405,1.45999999903419,9.32793435550071e-19,TRUE
2912,"40",2023,58.6343,-50.4065,2018.674,1.81,23.2385649779955,13.7660446351439,1.80999999924704,5.66952314265987e-19,TRUE
2913,"40",2023,58.6343,-50.4065,1768.021,2.33,18.0920443851029,16.6125777383997,2.3299999992311,5.91210025859901e-19,TRUE
2914,"40",2023,58.6343,-50.4065,1530.406,2.71,18.3780570789887,18.3777303007751,2.36453177605338,0.119348293756833,FALSE
2915,"40",2023,58.6343,-50.4065,1290.327,2.72,18.4693224174803,18.4638218965622,2.35991527590004,0.129661008530148,FALSE
2916,"40",2023,58.6343,-50.4065,1069.869,3.03,20.8848114651604,20.8840407835375,2.24793858328679,0.611620059511474,FALSE
2917,"40",2023,58.6343,-50.4065,750.37,3.28,23.2380611120451,23.2380343532006,2.14815821118461,1.28106583490883,FALSE
2918,"40",2023,58.6343,-50.4065,509.364,3.48,23.1626781035662,22.8581128320444,2.14131820279936,1.79206895415632,FALSE
2919,"40",2023,58.6343,-50.4065,359.265,3.66,22.943124128194,22.940393348206,2.16011269411199,2.24966193036399,FALSE
2920,"40",2023,58.6343,-50.4065,218.825,3.55,22.9446167946625,22.9342044307224,2.15980229255197,1.93264966579375,FALSE
2921,"40",2023,58.6343,-50.4065,99.938,3.67,22.9380183059246,22.9359444152962,2.16034359546102,2.27906245976557,FALSE
2922,"40",2023,58.6343,-50.4065,49.926,3.88,22.955367868651,22.949996250475,2.15952459491286,2.96003561950976,FALSE
2923,"40",2023,58.6343,-50.4065,25.553,3.86,22.952066830486,22.949017448797,2.15973534972828,2.89089988096361,FALSE
2924,"40",2023,58.6343,-50.4065,1.804,4.02,16.9279545328631,16.8756541975808,2.43581347023067,2.50964696110261,FALSE
2925,"44",2023,59.0668,-49.9403,3515.02,2.31,18.2789034476655,16.4790257705764,2.30999999875634,1.54669753419988e-18,TRUE
2926,"44",2023,59.0668,-49.9403,3449.737,2.24,18.9392969637313,16.0330489373384,2.23999999961702,1.46673240701164e-19,TRUE
2927,"44",2023,59.0668,-49.9403,3368.705,2.04,20.8727165439053,14.8802387208562,2.04000000217484,4.72993809121436e-18,TRUE
2928,"44",2023,59.0668,-49.9403,3268.002,1.67,24.6316032700563,12.8777181528764,1.6699999815573,3.40133086254878e-16,TRUE
2929,"44",2023,59.0668,-49.9403,3149.675,1.41,27.4496080876336,11.3255820139714,1.40999999905731,8.88658854516966e-19,TRUE
2930,"44",2023,59.0668,-49.9403,3021.368,1.36,28.025391496946,11.0235599414897,1.36000000891256,7.94337222115431e-17,TRUE
2931,"44",2023,59.0668,-49.9403,2860.668,1.22,29.6978017606861,10.1556641365488,1.21999999833523,2.77146392020283e-18,TRUE
2932,"44",2023,59.0668,-49.9403,2660.337,1.29,28.8503462285604,10.5940081911372,1.28999999917197,6.856261061073e-19,TRUE
2933,"44",2023,59.0668,-49.9403,2439.877,1.45,26.9969080287393,11.5648838596792,1.44999999904438,9.13203695744379e-19,TRUE
2934,"44",2023,59.0668,-49.9403,2210.692,1.62,25.1505284993773,12.5753949773867,1.61999999262079,5.44527651089041e-17,TRUE
2935,"44",2023,59.0668,-49.9403,1969.588,1.69,24.4271638068742,13.000300427712,1.68999997480738,6.34668034840073e-16,TRUE
2936,"44",2023,59.0668,-49.9403,1730.005,2.29,18.4666032434127,16.3483738145518,2.28999999950455,2.45466206246404e-19,TRUE
2937,"44",2023,59.0668,-49.9403,1499.217,2.47,16.8671630336732,16.8665544716926,2.44062585797959,0.00086284021943534,FALSE
2938,"44",2023,59.0668,-49.9403,1281.306,2.84,19.3457924138839,19.3452612054642,2.31816314103738,0.272313707371971,FALSE
2939,"44",2023,59.0668,-49.9403,1067.322,2.89,19.660180630946,19.6598749804208,2.30348542256911,0.343999349538941,FALSE
2940,"44",2023,59.0668,-49.9403,749.01,2.91,19.874675047549,19.874426901893,2.29357094302293,0.379984782285641,FALSE
2941,"44",2023,59.0668,-49.9403,510.409,3.27,23.2049302145019,23.204307856242,2.14948526587632,1.25555326938826,FALSE
2942,"44",2023,59.0668,-49.9403,359.369,3.27,23.2049302145019,23.204307856242,2.14948526587632,1.25555326938826,FALSE
2943,"44",2023,59.0668,-49.9403,219.566,3.47,22.7538021620944,22.7534279043788,2.16798698589143,1.69523788890809,FALSE
2944,"44",2023,59.0668,-49.9403,100.168,3.43,24.2422599653136,24.2252596617767,2.10754965592495,1.74887491254421,FALSE
2945,"44",2023,59.0668,-49.9403,50.761,3.86,22.952066830486,22.949017448797,2.15973534972828,2.89089988096361,FALSE
2946,"44",2023,59.0668,-49.9403,25.132,3.8,22.9597130765846,22.9479211827619,2.15913810509072,2.69242775816526,FALSE
2947,"44",2023,59.0668,-49.9403,2.082,3.91,22.9486944766446,22.9380937720083,2.15962883153425,3.06379922739614,FALSE
2948,"48",2023,59.4718,-49.4703,3440.861,2.26,18.7496484712352,16.1573700369687,2.25999999857878,2.0198550145821e-18,TRUE
2949,"48",2023,59.4718,-49.4703,3352.123,2.21,19.2251330765903,15.8505945571865,2.20999999959083,1.67419024178106e-19,TRUE
2950,"48",2023,59.4718,-49.4703,3301.27,2.13,19.9953436614598,15.3843799905805,2.12999999962985,1.3701440840065e-19,TRUE
2951,"48",2023,59.4718,-49.4703,3201.533,1.97,21.5633260426855,14.4969820492296,1.97000001260342,1.58846169862725e-16,TRUE
2952,"48",2023,59.4718,-49.4703,3080.605,1.36,28.025391496946,11.0235599414897,1.36000000891256,7.94337222115431e-17,TRUE
2953,"48",2023,59.4718,-49.4703,2949.221,1.23,29.5753433747057,10.2188389273678,1.22999999484844,2.65385688404626e-17,TRUE
2954,"48",2023,59.4718,-49.4703,2787.815,1.42,27.3357766452048,11.3855774796316,1.41999999905625,8.90671544314319e-19,TRUE
2955,"48",2023,59.4718,-49.4703,2611.193,1.45,26.9969080287393,11.5648838596792,1.44999999904438,9.13203695744379e-19,TRUE
2956,"48",2023,59.4718,-49.4703,2408.781,1.52,26.2214236649009,11.9805861726189,1.51999999871686,1.6464375321011e-18,TRUE
2957,"48",2023,59.4718,-49.4703,2187.905,1.62,25.1505284993773,12.5753949773867,1.61999999262079,5.44527651089041e-17,TRUE
2958,"48",2023,59.4718,-49.4703,1958.289,1.74,23.9239663745947,13.3122602306584,1.73999999919192,6.52995157177551e-19,TRUE
2959,"48",2023,59.4718,-49.4703,1730.24,2.12,20.0922078693115,15.3273601490157,2.11999999968559,9.88538213981744e-20,TRUE
2960,"48",2023,59.4718,-49.4703,1504.221,2.6,17.4887095090018,17.4883065885025,2.40875340442916,0.0365752603174381,FALSE
2961,"48",2023,59.4718,-49.4703,1279.962,2.79,19.0101093255084,19.009799026726,2.33405115892388,0.207889345678655,FALSE
2962,"48",2023,59.4718,-49.4703,1071.629,2.88,19.5962303787986,19.5959076975098,2.30645740098545,0.32895111288437,FALSE
2963,"48",2023,59.4718,-49.4703,751.267,3.14,21.924620713241,21.9244881065582,2.20278925872867,0.87836397355435,FALSE
2964,"48",2023,59.4718,-49.4703,510.065,3.22,22.6446290424733,22.6424442184797,2.17244930544195,1.09736245766906,FALSE
2965,"48",2023,59.4718,-49.4703,359.818,3.14,21.924620713241,21.9244881065582,2.20278925872867,0.87836397355435,FALSE
2966,"48",2023,59.4718,-49.4703,219.693,3.4,23.6109536086447,23.6108886959111,2.13311346493456,1.60500149273013,FALSE
2967,"48",2023,59.4718,-49.4703,100.358,3.58,22.9574372555412,22.9568421744606,2.15959458850987,2.01755153299045,FALSE
2968,"48",2023,59.4718,-49.4703,49.521,3.65,22.9345261116089,22.9312944117671,2.16044942736933,2.21876090842436,FALSE
2969,"48",2023,59.4718,-49.4703,24.854,3.77,22.9268375470529,22.9261245662104,2.16084684623459,2.58937387227317,FALSE
2970,"48",2023,59.4718,-49.4703,1.984,3.65,22.9345261116089,22.9312944117671,2.16044942736933,2.21876090842436,FALSE
2971,"52",2023,59.7462,-49.1687,3259.466,2.11,20.1892647346615,15.2707112100112,2.10999999976704,5.42705096243506e-20,TRUE
2972,"52",2023,59.7462,-49.1687,3200.322,2.12,20.0922078693115,15.3273601490157,2.11999999968559,9.88538213981744e-20,TRUE
2973,"52",2023,59.7462,-49.1687,3119.236,1.97,21.5633260426855,14.4969820492296,1.97000001260342,1.58846169862725e-16,TRUE
2974,"52",2023,59.7462,-49.1687,3018.678,1.71,24.2245266950189,13.1240615052217,1.70999996678252,1.1034007186584e-15,TRUE
2975,"52",2023,59.7462,-49.1687,2898.8,1.66,24.7344961828985,12.8168199038432,1.65999998441877,2.42774869317777e-16,TRUE
2976,"52",2023,59.7462,-49.1687,2770.002,1.44,27.1094277575749,11.5052195783618,1.4399999990506,9.01362684709687e-19,TRUE
2977,"52",2023,59.7462,-49.1687,2621.924,1.47,26.7731733739255,11.6839475074708,1.46999999901805,9.64218104033507e-19,TRUE
2978,"52",2023,59.7462,-49.1687,2461.66,1.39,27.6785911832836,11.2052027620917,1.39000003750346,1.4065097537821e-15,TRUE
2979,"52",2023,59.7462,-49.1687,2260.907,1.41,27.4496080876336,11.3255820139714,1.40999999905731,8.88658854516966e-19,TRUE
2980,"52",2023,59.7462,-49.1687,2059.468,1.58,25.5736397523461,12.3365370768131,1.57999999670798,1.08373678371364e-17,TRUE
2981,"52",2023,59.7462,-49.1687,1849.747,1.59,25.4672024975385,12.3960749331188,1.58999999597746,1.61808501220189e-17,TRUE
2982,"52",2023,59.7462,-49.1687,1640.602,1.83,23.046815140836,13.9001366669287,1.8299999992643,5.41260944022524e-19,TRUE
2983,"52",2023,59.7462,-49.1687,1429.762,2.18,19.5133865960445,15.6743884794519,2.17999999956906,1.85709814970794e-19,TRUE
2984,"52",2023,59.7462,-49.1687,1229.329,2.41,17.1646946517024,16.6911099285551,2.4099999986339,1.86623803648602e-18,TRUE
2985,"52",2023,59.7462,-49.1687,1030.437,2.49,16.8973267376233,16.896921940854,2.4390662044532,0.00259425152880346,FALSE
2986,"52",2023,59.7462,-49.1687,748.513,2.63,17.7435036078835,17.7434841303049,2.39593176955973,0.0547879365014377,FALSE
2987,"52",2023,59.7462,-49.1687,479.59,2.88,19.5962303787986,19.5959076975098,2.30645740098545,0.32895111288437,FALSE
2988,"52",2023,59.7462,-49.1687,329.971,3.02,20.8046746741792,20.8039199378999,2.25149406350947,0.59060137442119,FALSE
2989,"52",2023,59.7462,-49.1687,209.996,3.45,23.4491506103899,23.4457032052286,2.13950689914685,1.71739216738371,FALSE
2990,"52",2023,59.7462,-49.1687,99.065,3.43,24.2422599653136,24.2252596617767,2.10754965592495,1.74887491254421,FALSE
2991,"52",2023,59.7462,-49.1687,49.505,3.43,24.2422599653136,24.2252596617767,2.10754965592495,1.74887491254421,FALSE
2992,"52",2023,59.7462,-49.1687,24.668,3.55,22.9446167946625,22.9342044307224,2.15980229255197,1.93264966579375,FALSE
2993,"52",2023,59.7462,-49.1687,1.973,3.53,22.9565740729263,22.9546074471866,2.15958552712655,1.87803582746102,FALSE
2994,"57",2023,60.2848,-48.5343,2766.825,1.6,25.3612040921119,12.4557186248925,1.59999999507124,2.42926626627059e-17,TRUE
2995,"57",2023,60.2848,-48.5343,2572.853,1.6,25.3612040921119,12.4557186248925,1.59999999507124,2.42926626627059e-17,TRUE
2996,"57",2023,60.2848,-48.5343,2491.552,1.51,26.3309074373926,11.9213257955418,1.50999999882508,1.38043112388003e-18,TRUE
2997,"57",2023,60.2848,-48.5343,2391.54,1.45,26.9969080287393,11.5648838596792,1.44999999904438,9.13203695744379e-19,TRUE
2998,"57",2023,60.2848,-48.5343,2270.32,1.62,25.1505284993773,12.5753949773867,1.61999999262079,5.44527651089041e-17,TRUE
2999,"57",2023,60.2848,-48.5343,2132.556,1.51,26.3309074373926,11.9213257955418,1.50999999882508,1.38043112388003e-18,TRUE
3000,"57",2023,60.2848,-48.5343,1968.934,1.62,25.1505284993773,12.5753949773867,1.61999999262079,5.44527651089041e-17,TRUE
3001,"57",2023,60.2848,-48.5343,1789.99,1.89,22.4823370640345,14.31643834391,1.88999999932,4.62397660675952e-19,TRUE
3002,"57",2023,60.2848,-48.5343,1612.865,2.17,19.6095315078379,15.6158398548352,2.16999999956582,1.88514800939017e-19,TRUE
3003,"57",2023,60.2848,-48.5343,1411.926,2.22,19.1296764292535,15.910907742529,2.21999999959948,1.60415963979655e-19,TRUE
3004,"57",2023,60.2848,-48.5343,1208.882,2.28,18.5607564501728,16.2840689198083,2.28000000024774,6.13731523986127e-20,TRUE
3005,"57",2023,60.2848,-48.5343,1009.342,2.45,16.8496055483961,16.8489696770807,2.44153752694532,7.16134502011335e-05,FALSE
3006,"57",2023,60.2848,-48.5343,510.375,2.82,19.3215489882766,19.3211853608606,2.31930850960059,0.250691968558378,FALSE
3007,"57",2023,60.2848,-48.5343,370.521,2.51,17.0550056164434,17.0549324674451,2.43092174142122,0.00625337097985291,FALSE
3008,"57",2023,60.2848,-48.5343,250.602,3.21,22.0665443479112,22.0662163474375,2.19675207526578,1.02667135697821,FALSE
3009,"57",2023,60.2848,-48.5343,152.48,3.15,22.0681337254106,22.0647287346056,2.19658468959456,0.909000754115506,FALSE
3010,"57",2023,60.2848,-48.5343,99.602,3.28,23.2380611120451,23.2380343532006,2.14815821118461,1.28106583490883,FALSE
3011,"57",2023,60.2848,-48.5343,49.79,3.59,22.9589161298387,22.946394895979,2.1591471409051,2.04733990438004,FALSE
3012,"57",2023,60.2848,-48.5343,30.747,3.6,22.8094790448445,22.8041638006202,2.16552787848596,2.057710267401,FALSE
3013,"57",2023,60.2848,-48.5343,19.781,3.47,22.7538021620944,22.7534279043788,2.16798698589143,1.69523788890809,FALSE
3014,"57",2023,60.2848,-48.5343,9.629,3.55,22.9446167946625,22.9342044307224,2.15980229255197,1.93264966579375,FALSE
3015,"57",2023,60.2848,-48.5343,3.258,3.52,22.9575868948896,22.9533886116383,2.15947160584407,1.85103751130452,FALSE
3016,"62",2023,60.4385,-48.354,131.594,3.74,22.9447281515141,22.9445329496074,2.16012908018188,2.49599212328694,FALSE
3017,"62",2023,60.4385,-48.354,100.307,3.83,22.946054370924,22.9355404287906,2.15973999542416,2.7897684828857,FALSE
3018,"62",2023,60.4385,-48.354,79.819,4.09,16.9182791133986,16.8898279685024,2.43708019401588,2.73214388501459,FALSE
3019,"62",2023,60.4385,-48.354,60.218,4.03,17.0120145221344,17.0115719018774,2.43312806068545,2.54999999057022,FALSE
3020,"62",2023,60.4385,-48.354,49.841,4.15,16.9027339446072,16.9002310915921,2.43871841026361,2.9284846793707,FALSE
3021,"62",2023,60.4385,-48.354,39.53,4.11,16.8917411923498,16.8890955111152,2.43928425524007,2.79129109978872,FALSE
3022,"62",2023,60.4385,-48.354,30.14,4.25,16.9924193402931,16.9666194931842,2.43332689387638,3.30030117451285,FALSE
3023,"62",2023,60.4385,-48.354,19.672,4.49,16.7500198226467,16.7468950867197,2.44664650472413,4.17529350665611,FALSE
3024,"62",2023,60.4385,-48.354,9.68,4.5,16.9712683207641,16.968018234474,2.43514404283817,4.26363012382672,FALSE
3025,"62",2023,60.4385,-48.354,2.302,4.43,16.6887909325522,16.6886312556113,2.4499423501894,3.92062829657347,FALSE
3026,"70",2023,60.5633,-48.2235,114.117,4.08,17.0083133482533,17.0078076763801,2.43331719015877,2.7115642762266,FALSE
3027,"70",2023,60.5633,-48.2235,100.553,3.91,22.9486944766446,22.9380937720083,2.15962883153425,3.06379922739614,FALSE
3028,"70",2023,60.5633,-48.2235,80.333,4.19,17.0464866022946,17.0443473571855,2.43129467503664,3.09304442005449,FALSE
3029,"70",2023,60.5633,-48.2235,59.99,4.07,16.9307208847853,16.9278460722595,2.43725540301101,2.66585491899675,FALSE
3030,"70",2023,60.5633,-48.2235,49.79,4.36,16.7255626291504,16.725221434319,2.44801319705194,3.65569353464754,FALSE
3031,"70",2023,60.5633,-48.2235,40.152,4.48,16.8601269600069,16.8583032811598,2.44095254269705,4.15771453313364,FALSE
3032,"70",2023,60.5633,-48.2235,29.828,4.63,16.8873018079246,16.8867881200107,2.43958301768239,4.7979265564254,FALSE
3033,"70",2023,60.5633,-48.2235,20.143,4.49,16.7500198226467,16.7468950867197,2.44664650472413,4.17529350665611,FALSE
3034,"70",2023,60.5633,-48.2235,10.349,4.51,16.9827413361184,16.9711847666698,2.43428423428024,4.30859594005758,FALSE
3035,"70",2023,60.5633,-48.2235,3.242,4.51,16.9827413361184,16.9711847666698,2.43428423428024,4.30859594005758,FALSE
3036,"75",2023,60.3602,-48.4542,1179.283,2.64,17.9274734401725,17.9269216192329,2.38673072004376,0.0641453281695538,FALSE
3037,"75",2023,60.3602,-48.4542,575.432,2.95,20.3371705040235,20.3370641094291,2.27247138571106,0.459045023180287,FALSE
3038,"75",2023,60.3602,-48.4542,549.14,2.92,19.9255665795066,19.9255178207769,2.29123672398793,0.395343257261433,FALSE
3039,"75",2023,60.3602,-48.4542,450.531,3.05,21.1634588292345,21.1568985874614,2.2354724234768,0.663455172916759,FALSE
3040,"75",2023,60.3602,-48.4542,352.089,3.16,22.2159968809523,22.2159243576661,2.19044362175518,0.940039570595204,FALSE
3041,"75",2023,60.3602,-48.4542,250.394,3.28,23.2380611120451,23.2380343532006,2.14815821118461,1.28106583490883,FALSE
3042,"75",2023,60.3602,-48.4542,152.132,3.25,22.335285548395,22.3307640430759,2.18528206407119,1.13362428308851,FALSE
3043,"75",2023,60.3602,-48.4542,100.22,3.49,22.9356661399467,22.9353563941887,2.16049737685646,1.76757722494556,FALSE
3044,"75",2023,60.3602,-48.4542,79.939,3.38,23.8163720576933,23.8161771570615,2.12490731319534,1.57525765247054,FALSE
3045,"75",2023,60.3602,-48.4542,59.866,3.47,22.7538021620944,22.7534279043788,2.16798698589143,1.69523788890809,FALSE
3046,"75",2023,60.3602,-48.4542,50.306,3.48,23.1626781035662,22.8581128320444,2.14131820279936,1.79206895415632,FALSE
3047,"75",2023,60.3602,-48.4542,40.57,3.6,22.8094790448445,22.8041638006202,2.16552787848596,2.057710267401,FALSE
3048,"75",2023,60.3602,-48.4542,29.574,3.47,22.7538021620944,22.7534279043788,2.16798698589143,1.69523788890809,FALSE
3049,"75",2023,60.3602,-48.4542,20.459,3.28,23.2380611120451,23.2380343532006,2.14815821118461,1.28106583490883,FALSE
3050,"75",2023,60.3602,-48.4542,8.889,3.66,22.943124128194,22.940393348206,2.16011269411199,2.24966193036399,FALSE
3051,"75",2023,60.3602,-48.4542,1.242,3.64,22.9473497385716,22.9374882287167,2.15970799416067,2.19126442255184,FALSE
3052,"78",2023,60.1733,-48.6567,2886.581,2.08,20.4812557445103,15.1020737268844,2.08000000029566,8.74134877079297e-20,TRUE
3053,"78",2023,60.1733,-48.6567,2840.143,2.1,20.2863899657574,15.2141351655304,2.09999999989677,1.06562225015457e-20,TRUE
3054,"78",2023,60.1733,-48.6567,2760.399,1.97,21.5633260426855,14.4969820492296,1.97000001260342,1.58846169862725e-16,TRUE
3055,"78",2023,60.1733,-48.6567,2660.025,1.63,25.0458537286754,12.6354641382374,1.62999999102056,8.06302803544079e-17,TRUE
3056,"78",2023,60.1733,-48.6567,2539.411,1.44,27.1094277575749,11.5052195783618,1.4399999990506,9.01362684709687e-19,TRUE
3057,"78",2023,60.1733,-48.6567,2399.871,1.14,30.694215648944,9.64367491571362,1.14000003579537,1.28130827509376e-15,TRUE
3058,"78",2023,60.1733,-48.6567,2239.915,1.52,26.2214236649009,11.9805861726189,1.51999999871686,1.6464375321011e-18,TRUE
3059,"78",2023,60.1733,-48.6567,2059.921,1.38,27.7937464201404,11.1448045024301,1.3800000241302,5.82266329915548e-16,TRUE
3060,"78",2023,60.1733,-48.6567,1859.019,1.7,24.3256194446465,13.0620237310251,1.69999997094111,8.44419369667736e-16,TRUE
3061,"78",2023,60.1733,-48.6567,1660.654,1.9,22.3898062800291,14.3880396177536,1.89999999932979,4.491786147275e-19,TRUE
3062,"78",2023,60.1733,-48.6567,1460.356,2.06,20.6766870690956,14.990789283671,2.06000000101391,1.02802217907787e-18,TRUE
3063,"78",2023,60.1733,-48.6567,1260.189,2.3,18.3726507258005,16.4133505802411,2.29999999892711,1.15109437947139e-18,TRUE
3064,"78",2023,60.1733,-48.6567,1060.005,2.76,18.807585323821,18.807003086429,2.34372584655343,0.173284170827658,FALSE
3065,"78",2023,60.1733,-48.6567,749.086,2.66,18.0825422702515,18.0824359224984,2.3790571393655,0.0789288909414952,FALSE
3066,"78",2023,60.1733,-48.6567,560.931,3,20.5552645957608,20.5540100042755,2.26261133274853,0.543742046590898,FALSE
3067,"78",2023,60.1733,-48.6567,429.766,3.15,22.0681337254106,22.0647287346056,2.19658468959456,0.909000754115506,FALSE
3068,"78",2023,60.1733,-48.6567,310.363,3.2,21.6546586772656,21.6482487930467,2.21414445353083,0.971911158504029,FALSE
3069,"78",2023,60.1733,-48.6567,199.349,3.46,23.5820036552972,23.5755932527102,2.13406893649569,1.75809318516568,FALSE
3070,"78",2023,60.1733,-48.6567,99.206,3.46,23.5820036552972,23.5755932527102,2.13406893649569,1.75809318516568,FALSE
3071,"78",2023,60.1733,-48.6567,49.771,3.51,22.9612085816336,22.9506411642791,2.1591164742716,1.82488630008438,FALSE
3072,"78",2023,60.1733,-48.6567,29.521,3.73,22.9334943675652,22.9320068276698,2.16054835508095,2.46317846573912,FALSE
3073,"78",2023,60.1733,-48.6567,19.467,3.77,22.9268375470529,22.9261245662104,2.16084684623459,2.58937387227317,FALSE
3074,"78",2023,60.1733,-48.6567,2.663,3.61,22.9356151952486,22.9325431091005,2.16040988708147,2.10131149547115,FALSE
3075,"82",2023,59.9748,-48.8878,2941.433,2.17,19.6095315078379,15.6158398548352,2.16999999956582,1.88514800939017e-19,TRUE
3076,"82",2023,59.9748,-48.8878,2860.497,1.92,22.2060168163748,14.5332167869536,1.9199999993497,4.22886960179315e-19,TRUE
3077,"82",2023,59.9748,-48.8878,2761.851,1.76,23.7258646928468,13.4396605143015,1.75999999920684,6.29102052797106e-19,TRUE
3078,"82",2023,59.9748,-48.8878,2640.115,1.58,25.5736397523461,12.3365370768131,1.57999999670798,1.08373678371364e-17,TRUE
3079,"82",2023,59.9748,-48.8878,2503.985,1.3,28.731129539072,10.6558961466741,1.29999999930415,4.84214082538586e-19,TRUE
3080,"82",2023,59.9748,-48.8878,2342.507,1.38,27.7937464201404,11.1448045024301,1.3800000241302,5.82266329915548e-16,TRUE
3081,"82",2023,59.9748,-48.8878,2161.679,1.5,26.4408242820518,11.8620448171637,1.49999999890228,1.20498608680227e-18,TRUE
3082,"82",2023,59.9748,-48.8878,1981.786,1.5,26.4408242820518,11.8620448171637,1.49999999890228,1.20498608680227e-18,TRUE
3083,"82",2023,59.9748,-48.8878,1782.043,1.69,24.4271638068742,13.000300427712,1.68999997480738,6.34668034840073e-16,TRUE
3084,"82",2023,59.9748,-48.8878,1583.178,2.04,20.8727165439053,14.8802387208562,2.04000000217484,4.72993809121436e-18,TRUE
3085,"82",2023,59.9748,-48.8878,1382.523,2.17,19.6095315078379,15.6158398548352,2.16999999956582,1.88514800939017e-19,TRUE
3086,"82",2023,59.9748,-48.8878,1181.29,2.38,17.6288495864549,16.9604636052333,2.37999999967378,1.06421767165741e-19,TRUE
3087,"82",2023,59.9748,-48.8878,980.425,2.43,16.9639418331338,16.7887509511466,2.42999999727765,7.4112083272905e-18,TRUE
3088,"82",2023,59.9748,-48.8878,749.743,2.84,19.3457924138839,19.3452612054642,2.31816314103738,0.272313707371971,FALSE
3089,"82",2023,59.9748,-48.8878,501.067,2.97,20.321731570849,20.3146956830657,2.27294431642367,0.485886626006068,FALSE
3090,"82",2023,59.9748,-48.8878,380.763,3.15,22.0681337254106,22.0647287346056,2.19658468959456,0.909000754115506,FALSE
3091,"82",2023,59.9748,-48.8878,260.215,3.44,24.11804524224,24.1162467082707,2.11291827658775,1.76114590061483,FALSE
3092,"82",2023,59.9748,-48.8878,170.358,3.45,23.4491506103899,23.4457032052286,2.13950689914685,1.71739216738371,FALSE
3093,"82",2023,59.9748,-48.8878,100.112,3.4,23.6109536086447,23.6108886959111,2.13311346493456,1.60500149273013,FALSE
3094,"82",2023,59.9748,-48.8878,25.323,3.93,22.963981882283,22.9491518744794,2.15886446181459,3.13692109462334,FALSE
3095,"82",2023,59.9748,-48.8878,1.728,3.86,22.952066830486,22.949017448797,2.15973534972828,2.89089988096361,FALSE
3096,"98",2023,55.4192,-53.829,2715.438,1.98,21.4642357280042,14.5514909637555,1.98000001038139,1.07773183942805e-16,TRUE
3097,"98",2023,55.4192,-53.829,2590.803,1.83,23.046815140836,13.9001366669287,1.8299999992643,5.41260944022524e-19,TRUE
3098,"98",2023,55.4192,-53.829,2510.243,1.81,23.2385649779955,13.7660446351439,1.80999999924704,5.66952314265987e-19,TRUE
3099,"98",2023,55.4192,-53.829,2409.644,1.59,25.4672024975385,12.3960749331188,1.58999999597746,1.61808501220189e-17,TRUE
3100,"98",2023,55.4192,-53.829,2289.518,1.65,24.8378363565289,12.7561576276255,1.64999998694049,1.70550886290156e-16,TRUE
3101,"98",2023,55.4192,-53.829,2149.887,1.7,24.3256194446465,13.0620237310251,1.69999997094111,8.44419369667736e-16,TRUE
3102,"98",2023,55.4192,-53.829,1989.847,1.83,23.046815140836,13.9001366669287,1.8299999992643,5.41260944022524e-19,TRUE
3103,"98",2023,55.4192,-53.829,1810.255,1.73,24.0236996440681,13.2491598291866,1.72999995777714,1.78276991478273e-15,TRUE
3104,"98",2023,55.4192,-53.829,1609.992,2.14,19.8985866958501,15.441590349447,2.13999999959651,1.62806077026937e-19,TRUE
3105,"98",2023,55.4192,-53.829,1409.462,2.55,17.0986211650261,17.0983682400137,2.4286696294479,0.0147210588183098,FALSE
3106,"98",2023,55.4192,-53.829,1209.981,2.88,19.5962303787986,19.5959076975098,2.30645740098545,0.32895111288437,FALSE
3107,"98",2023,55.4192,-53.829,1030.327,2.74,18.6262502311631,18.6253556565329,2.35245244739961,0.150193105526551,FALSE
3108,"98",2023,55.4192,-53.829,749.207,3.03,20.8848114651604,20.8840407835375,2.24793858328679,0.611620059511474,FALSE
3109,"98",2023,55.4192,-53.829,508.777,3.59,22.9589161298387,22.946394895979,2.1591471409051,2.04733990438004,FALSE
3110,"98",2023,55.4192,-53.829,369.529,3.63,22.7902636617016,22.7900358975974,2.16648578195084,2.14187386643203,FALSE
3111,"98",2023,55.4192,-53.829,249.741,3.79,22.9375935403959,22.9369854486609,2.16040856870778,2.65556823294102,FALSE
3112,"98",2023,55.4192,-53.829,150.504,3.78,22.932193321354,22.930021381036,2.16057958414637,2.62252248328355,FALSE
3113,"98",2023,55.4192,-53.829,50.102,3.97,21.6457364154591,21.6448618751678,2.21470855565846,3.08104805457861,FALSE
3114,"98",2023,55.4192,-53.829,29.914,4.12,17.0050427531345,17.0020192487753,2.43340536036812,2.84460147843498,FALSE
3115,"98",2023,55.4192,-53.829,20.501,4.27,16.7075326688956,16.7049152235115,2.4488830490875,3.31646694890083,FALSE
3116,"98",2023,55.4192,-53.829,10.41,4.21,17.0214389330722,17.021197827629,2.43264792236725,3.15898040786545,FALSE
3117,"98",2023,55.4192,-53.829,1.238,4.3,17.0074089713236,17.004987784531,2.43330245448192,3.48455972644322,FALSE
3118,"103",2023,55.2585,-53.9888,2062.957,1.77,23.6274962318639,13.5039991024565,1.76999999921455,6.16935425242381e-19,TRUE
3119,"103",2023,55.2585,-53.9888,1969.856,1.73,24.0236996440681,13.2491598291866,1.72999995777714,1.78276991478273e-15,TRUE
3120,"103",2023,55.2585,-53.9888,1901.688,1.79,23.4321232107393,13.6340470551362,1.78999999923046,5.92194525994658e-19,TRUE
3121,"103",2023,55.2585,-53.9888,1811.275,1.95,21.9332881856519,14.7557617967355,1.94999999938017,3.84189736194908e-19,TRUE
3122,"103",2023,55.2585,-53.9888,1691.881,2.06,20.6766870690956,14.990789283671,2.06000000101391,1.02802217907787e-18,TRUE
3123,"103",2023,55.2585,-53.9888,1550.485,2.04,20.8727165439053,14.8802387208562,2.04000000217484,4.72993809121436e-18,TRUE
3124,"103",2023,55.2585,-53.9888,1392.179,2.44,16.8616393034491,16.8325449079515,2.43999994945784,2.55451000609189e-15,TRUE
3125,"103",2023,55.2585,-53.9888,1211.371,2.67,18.1700691119725,18.1669750810385,2.37464242556663,0.087236096775161,FALSE
3126,"103",2023,55.2585,-53.9888,1030.437,2.87,19.5096645493129,19.5091562409389,2.31048693605023,0.313054868730463,FALSE
3127,"103",2023,55.2585,-53.9888,754.186,3.1,21.3773923081529,21.3725120818952,2.22618775452892,0.763547840335204,FALSE
3128,"103",2023,55.2585,-53.9888,510.534,3.52,22.9575868948896,22.9533886116383,2.15947160584407,1.85103751130452,FALSE
3129,"103",2023,55.2585,-53.9888,370.755,3.79,22.9375935403959,22.9369854486609,2.16040856870778,2.65556823294102,FALSE
3130,"103",2023,55.2585,-53.9888,251.001,3.78,22.932193321354,22.930021381036,2.16057958414637,2.62252248328355,FALSE
3131,"103",2023,55.2585,-53.9888,160.945,3.84,22.9469166443063,22.9356153793177,2.15967906913836,2.82347843069172,FALSE
3132,"103",2023,55.2585,-53.9888,100.924,4.03,17.0120145221344,17.0115719018774,2.43312806068545,2.54999999057022,FALSE
3133,"103",2023,55.2585,-53.9888,80.026,4.14,16.8850630401805,16.8843751966822,2.43969366055494,2.89104164795706,FALSE
3134,"103",2023,55.2585,-53.9888,60.619,4.18,17.0185788561867,17.0182834901637,2.43279383342544,3.05272938851617,FALSE
3135,"103",2023,55.2585,-53.9888,40.958,4.35,16.7253114263508,16.7226170135147,2.44795101653588,3.61779033549691,FALSE
3136,"103",2023,55.2585,-53.9888,30.716,4.28,17.027700030102,17.0258788096395,2.43227405738631,3.41409115900766,FALSE
3137,"103",2023,55.2585,-53.9888,19.877,4.34,16.9855703259855,16.982214506629,2.43440101697919,3.63130748408993,FALSE
3138,"103",2023,55.2585,-53.9888,9.324,4.28,17.027700030102,17.0258788096395,2.43227405738631,3.41409115900766,FALSE
3139,"103",2023,55.2585,-53.9888,2.069,4.42,16.6850155931055,16.6840468442937,2.45011410474011,3.88045044034386,FALSE
3140,"106",2023,55.1072,-54.1358,929.969,3.22,22.6446290424733,22.6424442184797,2.17244930544195,1.09736245766906,FALSE
3141,"106",2023,55.1072,-54.1358,859.717,3.31,23.5976741774824,23.5882576044478,2.13334323689183,1.38452113816821,FALSE
3142,"106",2023,55.1072,-54.1358,788.834,3.48,23.1626781035662,22.8581128320444,2.14131820279936,1.79206895415632,FALSE
3143,"106",2023,55.1072,-54.1358,702.063,3.49,22.9356661399467,22.9353563941887,2.16049737685646,1.76757722494556,FALSE
3144,"106",2023,55.1072,-54.1358,600.289,3.61,22.9356151952486,22.9325431091005,2.16040988708147,2.10131149547115,FALSE
3145,"106",2023,55.1072,-54.1358,502.147,3.57,22.9580331366139,22.957587206305,2.15957497848661,1.98929874131106,FALSE
3146,"106",2023,55.1072,-54.1358,402.206,3.95,22.9737391759921,22.9287897457781,2.15748700855029,3.213102824516,FALSE
3147,"106",2023,55.1072,-54.1358,302.059,3.9,22.9281843768007,22.9206365886787,2.16056986211896,3.02561720456887,FALSE
3148,"106",2023,55.1072,-54.1358,200.364,3.85,22.954049575978,22.9474311190135,2.15953824763031,2.8576609362248,FALSE
3149,"106",2023,55.1072,-54.1358,150.534,3.99,16.8005027176825,16.799616760554,2.44408518344657,2.38985262003944,FALSE
3150,"106",2023,55.1072,-54.1358,99.869,4.07,16.9307208847853,16.9278460722595,2.43725540301101,2.66585491899675,FALSE
3151,"106",2023,55.1072,-54.1358,80.31,4.38,16.9894220918199,16.988800826556,2.43428960649737,3.78578893538416,FALSE
3152,"106",2023,55.1072,-54.1358,59.231,4.4,16.8673785985662,16.8668677397016,2.44061778878291,3.83917864963399,FALSE
3153,"106",2023,55.1072,-54.1358,49.963,4.37,17.0079633645751,17.0074325128211,2.43333445932995,3.7506734164188,FALSE
3154,"106",2023,55.1072,-54.1358,39.948,4.67,16.7376643838439,16.7258609028208,2.44701396695492,4.94166690311349,FALSE
3155,"106",2023,55.1072,-54.1358,30.233,4.64,16.7216387263011,16.7213241472081,2.4482191472223,4.80390330660292,FALSE
3156,"106",2023,55.1072,-54.1358,19.545,4.76,16.7493382075705,16.7366748333664,2.44637672971089,5.35285263682329,FALSE
3157,"106",2023,55.1072,-54.1358,9.462,4.89,16.6454547157372,16.6439026638176,2.45216834363273,5.94302318478637,FALSE
3158,"106",2023,55.1072,-54.1358,2.331,4.92,17.2235498765849,17.2224817543195,2.42223166599222,6.23884665037202,FALSE
3159,"110",2023,54.9505,-54.2918,357.534,3.89,22.9601282654414,22.9475656564037,2.15909607505865,2.99602839737736,FALSE
3160,"110",2023,54.9505,-54.2918,327.616,3.74,22.9447281515141,22.9445329496074,2.16012908018188,2.49599212328694,FALSE
3161,"110",2023,54.9505,-54.2918,292.057,3.75,22.9379769417572,22.9379667063036,2.1604122154479,2.52678932479725,FALSE
3162,"110",2023,54.9505,-54.2918,248.885,3.96,24.6505679712261,22.5617094121009,2.02326051774962,3.75095982210748,FALSE
3163,"110",2023,54.9505,-54.2918,201.66,4.1,17.0198731731429,17.0174032720098,2.43265724799294,2.78003185267048,FALSE
3164,"110",2023,54.9505,-54.2918,149.329,4.31,17.00848607628,17.0082007965973,2.43331533862036,3.52194531825762,FALSE
3165,"110",2023,54.9505,-54.2918,100.428,4.72,16.7317102720445,16.7315125164264,2.44769652451481,5.16336308470206,FALSE
3166,"110",2023,54.9505,-54.2918,79.242,4.73,16.7360904317373,16.735110629424,2.44744264751534,5.21006806738177,FALSE
3167,"110",2023,54.9505,-54.2918,59.402,4.8,16.7289695805258,16.7248128434235,2.44771303284384,5.53325397585271,FALSE
3168,"110",2023,54.9505,-54.2918,48.969,4.68,16.7957965379437,16.7842581486402,2.44398925629785,4.99974404595145,FALSE
3169,"110",2023,54.9505,-54.2918,39.661,4.85,17.2559531670406,17.255100010889,2.42058093563353,5.90207699030724,FALSE
3170,"110",2023,54.9505,-54.2918,28.732,4.93,17.2336883652173,17.2218506878837,2.42136665326654,6.29324126834309,FALSE
3171,"110",2023,54.9505,-54.2918,19.164,4.88,17.275973047831,17.2758176361741,2.41958032869088,6.05366495896488,FALSE
3172,"110",2023,54.9505,-54.2918,8.72,5.09,16.6853303428187,16.6840706695086,2.45008831940347,6.96913368134999,FALSE
3173,"110",2023,54.9505,-54.2918,1.907,5.17,17.0883311024816,17.0621618520673,2.42836713195306,7.5165507831553,FALSE
3174,"113",2023,54.7557,-54.4913,235.794,3.82,22.9519697263211,22.9462243890227,2.15965190451364,2.75675579818517,FALSE
3175,"113",2023,54.7557,-54.4913,199.32,4.44,16.7424665086318,16.7352292269869,2.44690929777445,3.97241054729793,FALSE
3176,"113",2023,54.7557,-54.4913,150.16,4.59,17.1804108857764,16.6059184731637,2.40591640856839,4.7702211343608,FALSE
3177,"113",2023,54.7557,-54.4913,100.548,4.87,16.6477041253559,16.6465019213052,2.45206157556162,5.84642622437554,FALSE
3178,"113",2023,54.7557,-54.4913,50.388,4.76,16.7493382075705,16.7366748333664,2.44637672971089,5.35285263682329,FALSE
3179,"113",2023,54.7557,-54.4913,20.117,4.89,16.6454547157372,16.6439026638176,2.45216834363273,5.94302318478637,FALSE
3180,"113",2023,54.7557,-54.4913,9.983,5.26,17.0507632623141,17.0496850373724,2.43110820120727,8.00262880927675,FALSE
3181,"113",2023,54.7557,-54.4913,2.009,5.08,17.1558930504262,17.1552970721236,2.42571509799972,7.04522834098664,FALSE
3182,"116",2023,54.4877,-54.7532,189.614,4.37,17.0079633645751,17.0074325128211,2.43333445932995,3.7506734164188,FALSE
3183,"116",2023,54.4877,-54.7532,150.37,4.5,16.9712683207641,16.968018234474,2.43514404283817,4.26363012382672,FALSE
3184,"116",2023,54.4877,-54.7532,124.93,4.57,16.7054068920915,16.7052170686252,2.44907191960679,4.49833592220043,FALSE
3185,"116",2023,54.4877,-54.7532,100.173,4.82,17.3450524926762,17.3301794587355,2.41558338960284,5.78121923635375,FALSE
3186,"116",2023,54.4877,-54.7532,80.259,4.69,16.7936120700066,16.7874916467217,2.44427662005857,5.04327349921558,FALSE
3187,"116",2023,54.4877,-54.7532,60.866,4.89,16.6454547157372,16.6439026638176,2.45216834363273,5.94302318478637,FALSE
3188,"116",2023,54.4877,-54.7532,50.197,4.94,17.2508343196294,17.2506518598989,2.42086420576366,6.34604514980278,FALSE
3189,"116",2023,54.4877,-54.7532,39.874,4.86,19.0520482168727,15.6419933136292,2.2170621098757,6.98512069105467,FALSE
3190,"116",2023,54.4877,-54.7532,30.456,5.19,16.6965870466818,16.6955941176905,2.44950766686472,7.51029822797325,FALSE
3191,"116",2023,54.4877,-54.7532,10.151,5.34,16.7635042849773,16.7285077792418,2.44492199348755,8.38147666379212,FALSE
3192,"116",2023,54.4877,-54.7532,1.98,5.13,17.1252789872302,17.114514320917,2.42696111805237,7.30641919732071,FALSE
3193,"119",2023,54.2183,-55.028,140.355,4.94,17.2508343196294,17.2506518598989,2.42086420576366,6.34604514980278,FALSE
3194,"119",2023,54.2183,-55.028,120.462,5.02,16.6784638733748,16.6703420160132,2.45022832291864,6.60372647232954,FALSE
3195,"119",2023,54.2183,-55.028,99.55,4.9,17.3050962332976,17.2667597277799,2.41686553958608,6.16595674849511,FALSE
3196,"119",2023,54.2183,-55.028,80.327,4.99,16.6677636814093,16.6668251003563,2.45101860344185,6.44642653206839,FALSE
3197,"119",2023,54.2183,-55.028,60.1,5.09,16.6853303428187,16.6840706695086,2.45008831940347,6.96913368134999,FALSE
3198,"119",2023,54.2183,-55.028,50.558,5.04,17.1733848310408,17.1690595112376,2.42469769942861,6.83980612337401,FALSE
3199,"119",2023,54.2183,-55.028,40.198,5.05,16.6731458282417,16.667700674502,2.45059249323004,6.75691938625202,FALSE
3200,"119",2023,54.2183,-55.028,30.306,5.22,16.6984740888439,16.6975169746292,2.4494100705448,7.67616855719857,FALSE
3201,"119",2023,54.2183,-55.028,19.852,5.3,16.7218587176786,16.7185031714364,2.44811033044827,8.13327468729588,FALSE
3202,"119",2023,54.2183,-55.028,9.802,5.14,16.6940099194434,16.6864803283631,2.44943338695652,7.23914869922425,FALSE
3203,"119",2023,54.2183,-55.028,2.487,5.3,16.7218587176786,16.7185031714364,2.44811033044827,8.13327468729588,FALSE
3204,"122",2023,53.9845,-55.2498,141.702,4.49,16.7500198226467,16.7468950867197,2.44664650472413,4.17529350665611,FALSE
3205,"122",2023,53.9845,-55.2498,125.014,4.66,16.7678994518091,16.7055811956533,2.44381715514517,4.91146640182883,FALSE
3206,"122",2023,53.9845,-55.2498,100.097,4.77,16.7494200557387,16.7393631155187,2.44645590210779,5.39885717484973,FALSE
3207,"122",2023,53.9845,-55.2498,79.653,4.98,17.0266651011993,17.026330995631,2.4323751824912,6.49039221078675,FALSE
3208,"122",2023,53.9845,-55.2498,59.839,4.96,17.2172419066558,17.2161228866887,2.42255298300056,6.43863736407938,FALSE
3209,"122",2023,53.9845,-55.2498,50.178,4.89,16.6454547157372,16.6439026638176,2.45216834363273,5.94302318478637,FALSE
3210,"122",2023,53.9845,-55.2498,40.34,5.02,16.6784638733748,16.6703420160132,2.45022832291864,6.60372647232954,FALSE
3211,"122",2023,53.9845,-55.2498,30.082,5.32,16.736400907871,16.7135399152772,2.44672596421713,8.25570368470396,FALSE
3212,"122",2023,53.9845,-55.2498,20.339,5.17,17.0883311024816,17.0621618520673,2.42836713195306,7.5165507831553,FALSE
3213,"122",2023,53.9845,-55.2498,10.2,5.35,16.7397541184409,16.7394928616996,2.44727426277701,8.42581670553674,FALSE
3214,"122",2023,53.9845,-55.2498,2.144,5.01,16.6675810004721,16.6668119602498,2.45103359743581,6.54830904945229,FALSE
3215,"125",2023,53.7993,-55.432,195.925,4.84,17.2624314297019,17.2550371311952,2.42003953501284,5.85620865210089,FALSE
3216,"125",2023,53.7993,-55.432,180.172,4.64,16.7216387263011,16.7213241472081,2.4482191472223,4.80390330660292,FALSE
3217,"125",2023,53.7993,-55.432,150.355,4.6,16.7727236181587,16.7720553758326,2.44554031010036,4.64169655540246,FALSE
3218,"125",2023,53.7993,-55.432,125.114,4.8,16.7289695805258,16.7248128434235,2.44771303284384,5.53325397585271,FALSE
3219,"125",2023,53.7993,-55.432,99.961,5.12,17.1389544198759,17.1373830251398,2.42655361628051,7.25465342197158,FALSE
3220,"125",2023,53.7993,-55.432,79.935,5.15,17.1281283564406,17.126242757325,2.4270997957125,7.41418552250889,FALSE
3221,"125",2023,53.7993,-55.432,60.014,5.28,17.0137263452326,17.0066934238709,2.43282823037718,8.10638708573713,FALSE
3222,"125",2023,53.7993,-55.432,49.745,5.04,17.1733848310408,17.1690595112376,2.42469769942861,6.83980612337401,FALSE
3223,"125",2023,53.7993,-55.432,39.87,5.18,16.6943023922053,16.6880986739395,2.44946050443976,7.4558459368144,FALSE
3224,"125",2023,53.7993,-55.432,29.864,5.15,17.1281283564406,17.126242757325,2.4270997957125,7.41418552250889,FALSE
3225,"125",2023,53.7993,-55.432,19.589,5.31,16.7117543805908,16.7090564759866,2.4486596777088,8.1872684399695,FALSE
3226,"125",2023,53.7993,-55.432,9.97,5.5,16.7829663696036,16.7720937128139,2.44467938778977,9.33498404339671,FALSE
3227,"125",2023,53.7993,-55.432,1.807,4.94,17.2508343196294,17.2506518598989,2.42086420576366,6.34604514980278,FALSE
3228,"8",2024,55.8447,-53.395,3165.042,2.351481786,18.885435765031,16.5905544029221,2.35148177051678,2.39730240307548e-16,TRUE
3229,"8",2024,55.8447,-53.395,3101.039,2.384095568,18.5997458988669,16.8381369322777,2.38409556748183,2.68501018980285e-19,TRUE
3230,"8",2024,55.8447,-53.395,3021.405,2.094791353,21.241434716505,14.890002773681,2.09479135331775,1.00967492192215e-19,TRUE
3231,"8",2024,55.8447,-53.395,2920.761,1.747027529,24.662937721883,12.9055443284792,1.74702751819514,1.16744963777145e-16,TRUE
3232,"8",2024,55.8447,-53.395,2812.578,1.631632402,25.8341375841742,12.2051716672909,1.63163239997333,4.10740005799908e-18,TRUE
3233,"8",2024,55.8447,-53.395,2690.183,1.594711191,26.2210881450711,11.9868118699982,1.59471118969079,1.71402520298402e-18,TRUE
3234,"8",2024,55.8447,-53.395,2561.186,1.564305494,26.5441953610087,11.8080011156188,1.56430549292902,1.14700761131638e-18,TRUE
3235,"8",2024,55.8447,-53.395,2410.023,1.692973773,25.2043441329132,12.5731339705986,1.69297376778275,2.72196531797484e-17,TRUE
3236,"8",2024,55.8447,-53.395,2232.147,1.644949357,25.6960219409678,12.2844116946312,1.64494935453335,6.08438520334422e-18,TRUE
3237,"8",2024,55.8447,-53.395,2009.733,1.831890784,23.8382804082521,13.4494353315401,1.83189076232155,4.69955123720141e-16,TRUE
3238,"8",2024,55.8447,-53.395,1791.488,2.01349137,22.172614769344,14.7416740635293,2.01349136942422,3.31525525035515e-19,TRUE
3239,"8",2024,55.8447,-53.395,1551.126,2.563637222,17.4515241443386,17.4513326899802,2.50227830327771,0.00376491690676887,FALSE
3240,"8",2024,55.8447,-53.395,1309.893,2.560769423,17.4829343649292,17.4040625164194,2.498025994192,0.00393673785858423,FALSE
3241,"8",2024,55.8447,-53.395,1090.811,2.736608416,18.7100684869392,18.7084883166188,2.43814449417172,0.0890807126331202,FALSE
3242,"8",2024,55.8447,-53.395,751.987,3.556868006,22.9246867348228,22.9241183475733,2.24534766795189,1.72008559711383,FALSE
3243,"8",2024,55.8447,-53.395,550.145,3.876276278,21.8579295441292,21.8577497362055,2.2912800171713,2.51221314684097,FALSE
3244,"8",2024,55.8447,-53.395,401.289,3.546940889,22.9221159544961,22.9197146208165,2.24539550591823,1.69402038422146,FALSE
3245,"8",2024,55.8447,-53.395,289.974,3.398543782,24.3253647567751,24.3245073167426,2.18769617036334,1.46615193860621,FALSE
3246,"8",2024,55.8447,-53.395,101.622,3.616607393,22.9413341838413,22.9395314777642,2.24460442836184,1.8823921349759,FALSE
3247,"8",2024,55.8447,-53.395,49.624,3.944271762,17.5557743574327,17.5533462479827,2.49676814085225,2.09526673323584,FALSE
3248,"8",2024,55.8447,-53.395,24.601,3.778358941,22.9199476486106,22.9185760358576,2.24552111290535,2.34959180723791,FALSE
3249,"8",2024,55.8447,-53.395,1.83,3.646873975,22.9345436962926,22.9257836211917,2.24466059938664,1.96620235074903,FALSE
3250,"10",2024,56.1117,-53.1218,3379.742,2.180413295,20.4373565280303,15.419854932525,2.18041329459706,1.62359492320041e-19,TRUE
3251,"10",2024,56.1117,-53.1218,3222.456,1.914359359,23.0652719475433,14.0106425426084,1.91435933081243,7.94539018028811e-16,TRUE
3252,"10",2024,56.1117,-53.1218,3121.332,1.639840331,25.748918697357,12.2539758291743,1.63984032871605,5.21644142819457e-18,TRUE
3253,"10",2024,56.1117,-53.1218,3001.934,1.504586112,27.1905331659915,11.4577599855223,1.50458611103451,9.3217762701193e-19,TRUE
3254,"10",2024,56.1117,-53.1218,2859.765,1.328695654,29.1875005227566,10.413919609561,1.32869565303514,9.30952190225439e-19,TRUE
3255,"10",2024,56.1117,-53.1218,2697.578,1.365369175,28.7592186413676,10.6343117073544,1.36536917432324,4.58002269159751e-19,TRUE
3256,"10",2024,56.1117,-53.1218,2519.097,1.187058716,30.9039427191016,9.54575038872635,1.18705871507444,8.56656516416658e-19,TRUE
3257,"10",2024,56.1117,-53.1218,2321.911,1.235843028,30.3013826507069,9.84781873927742,1.23584302791038,8.03168077680824e-21,TRUE
3258,"10",2024,56.1117,-53.1218,2102.893,1.366894399,28.7415464577041,10.6434402333901,1.3668943983604,4.09089204792617e-19,TRUE
3259,"10",2024,56.1117,-53.1218,1878.083,1.644105428,25.7047518169732,12.2793809941303,1.64410542556478,5.93030414342453e-18,TRUE
3260,"10",2024,56.1117,-53.1218,1636.705,2.079464658,21.3870154862832,14.7979168615897,2.07946465859351,3.52254274331275e-19,TRUE
3261,"10",2024,56.1117,-53.1218,1400.318,2.317824211,19.1839219316915,16.3443696254339,2.31782421048995,2.60154855423786e-19,TRUE
3262,"10",2024,56.1117,-53.1218,1181.822,2.394670764,18.5078968584463,16.920500368873,2.39467076357239,1.82853685320322e-19,TRUE
3263,"10",2024,56.1117,-53.1218,964.984,2.412987294,18.349765707886,17.0657499679184,2.41298729737554,1.1394242280278e-17,TRUE
3264,"10",2024,56.1117,-53.1218,762.96,2.925883153,20.2641699797853,20.2635475274848,2.36339778928805,0.316389784390168,FALSE
3265,"10",2024,56.1117,-53.1218,582.44,3.425759599,23.8489170905857,23.8483392859841,2.20698775522773,1.48540480717205,FALSE
3266,"10",2024,56.1117,-53.1218,432.536,3.423573882,23.9017641841967,23.9015189166358,2.20484372114396,1.48530320498018,FALSE
3267,"10",2024,56.1117,-53.1218,204.302,3.491399742,22.9390842360201,22.9380142442492,2.24472358230004,1.55420144716424,FALSE
3268,"10",2024,56.1117,-53.1218,102.576,3.672743424,22.921154091979,22.9201714358379,2.24548306113898,2.03707214339418,FALSE
3269,"10",2024,56.1117,-53.1218,26.237,3.612557981,22.9484004351003,22.9452748627609,2.24426263938404,1.87223214188793,FALSE
3270,"10",2024,56.1117,-53.1218,1.99,3.675686484,22.9305505439282,22.9288168427327,2.24506164534941,2.04668742896402,FALSE
3271,"13",2024,56.538,-52.6778,3538.868,2.385810653,18.5848229790192,16.8514224992725,2.38581065249947,2.50531454208929e-19,TRUE
3272,"13",2024,56.538,-52.6778,3460.141,2.047883049,21.6883385776147,14.610006708183,2.04788305059731,2.5513916313296e-18,TRUE
3273,"13",2024,56.538,-52.6778,3381.063,1.833704087,23.8209897072314,13.461403370119,1.83370406512036,4.78718835506055e-16,TRUE
3274,"13",2024,56.538,-52.6778,3282.525,1.637243991,25.7758435833791,12.2385260194776,1.63724398880211,4.8307267135207e-18,TRUE
3275,"13",2024,56.538,-52.6778,3160.05,1.490970715,27.3400842631624,11.3778598872843,1.49097071403572,9.2983375642313e-19,TRUE
3276,"13",2024,56.538,-52.6778,3028.914,1.340635696,29.0473499118309,10.4858669576724,1.34063569505864,8.8616636459669e-19,TRUE
3277,"13",2024,56.538,-52.6778,2860.248,1.312677372,29.3766121790803,10.3170978868179,1.31267733087729,1.69107759856511e-15,TRUE
3278,"13",2024,56.538,-52.6778,2655.193,1.320015589,29.2898212951084,10.3614964613683,1.32001558803013,9.40657219039154e-19,TRUE
3279,"13",2024,56.538,-52.6778,2432.542,1.312275179,29.3813766023708,10.3146624036157,1.31227513942391,1.56626682627986e-15,TRUE
3280,"13",2024,56.538,-52.6778,2202.552,1.303296001,29.4879521931055,10.2602315762619,1.30329598534201,2.45172762587945e-16,TRUE
3281,"13",2024,56.538,-52.6778,1970.343,1.497776301,27.2652294089328,11.4178058183762,1.49777630003549,9.30283447918284e-19,TRUE
3282,"13",2024,56.538,-52.6778,1721.734,1.944432765,22.7901144357123,14.2249026442342,1.9444327643699,3.97027374068966e-19,TRUE
3283,"13",2024,56.538,-52.6778,1501.251,2.308407517,19.2680670188175,16.2770515998439,2.30840751648875,2.61377627436611e-19,TRUE
3284,"13",2024,56.538,-52.6778,1277.564,2.352387896,18.8774503356663,16.5973082643334,2.35238788161745,2.06857803132334e-16,TRUE
3285,"13",2024,56.538,-52.6778,754.509,2.751933047,18.8977754846763,18.8973303057999,2.42890267263221,0.104348622764192,FALSE
3286,"13",2024,56.538,-52.6778,507.423,3.297852075,23.4524047266318,23.4486090188217,2.22318154526111,1.15491674748927,FALSE
3287,"13",2024,56.538,-52.6778,361.2,3.360238267,23.5438740524335,23.5432159000147,2.21950428526108,1.30127401709394,FALSE
3288,"13",2024,56.538,-52.6778,217.851,3.37875399,23.6059359468906,23.6055645497926,2.21695553835299,1.3497756422494,FALSE
3289,"13",2024,56.538,-52.6778,101.96,3.843484122,23.5866643154954,23.5845342123483,2.21769128691396,2.6432023426171,FALSE
3290,"13",2024,56.538,-52.6778,51.125,3.758370919,22.9532532356736,22.9124655399497,2.24281109810929,2.29692157069829,FALSE
3291,"13",2024,56.538,-52.6778,25.49,3.784455861,22.9298813410127,22.9296475924549,2.24513952614193,2.36949477876089,FALSE
3292,"13",2024,56.538,-52.6778,1.614,3.731196191,22.9293530768921,22.9281201772498,2.2451287493173,2.20839644122936,FALSE
3293,"18",2024,56.9528,-52.2333,3562.209,2.327465482,19.0980538178278,16.4139815800794,2.32746548149156,2.58507125421627e-19,TRUE
3294,"18",2024,56.9528,-52.2333,3501.732,2.068101761,21.4952016639276,14.7299884565261,2.06810176191689,8.40680976141519e-19,TRUE
3295,"18",2024,56.9528,-52.2333,3400.388,1.682898596,25.3066628451844,12.5121192635632,1.68289859153059,1.9975603497187e-17,TRUE
3296,"18",2024,56.9528,-52.2333,3302.429,1.400652155,28.3532229797666,10.8447619990462,1.40065215713897,4.57521308842362e-18,TRUE
3297,"18",2024,56.9528,-52.2333,3201.209,1.351282286,28.9229630746537,10.5498620210118,1.35128228511713,7.79461396083711e-19,TRUE
3298,"18",2024,56.9528,-52.2333,3029.858,1.247009826,30.1651451551183,9.91652059568652,1.24700982508709,8.33396099374539e-19,TRUE
3299,"18",2024,56.9528,-52.2333,2750.793,1.293988193,29.5988483080968,10.2036924615235,1.29398818779371,2.71054839932028e-17,TRUE
3300,"18",2024,56.9528,-52.2333,2471.132,1.255099296,30.0668431529999,9.96618498115282,1.25509934675816,2.57639122445321e-15,TRUE
3301,"18",2024,56.9528,-52.2333,2248.864,1.375529118,28.6417076939408,10.6950649894381,1.37552911765698,1.17665501352429e-19,TRUE
3302,"18",2024,56.9528,-52.2333,2009.771,1.4237094,28.0910481791641,10.9815326312392,1.42370940955606,9.13183452970511e-17,TRUE
3303,"18",2024,56.9528,-52.2333,1769.999,1.971647532,22.5443220784064,14.4241129648149,1.97164753139237,3.6921064377542e-19,TRUE
3304,"18",2024,56.9528,-52.2333,1531.852,2.142999328,20.7867981573324,15.1849665697005,2.14299932776133,5.69648397365954e-20,TRUE
3305,"18",2024,56.9528,-52.2333,1066.9,2.535041327,17.2132848817036,17.2129236455343,2.51478448407599,0.000410339685248085,FALSE
3306,"18",2024,56.9528,-52.2333,869.828,2.572386645,17.5230719458544,17.5221629424526,2.49852122408307,0.00545610040723469,FALSE
3307,"18",2024,56.9528,-52.2333,680.527,2.814493359,19.4042004924041,19.40400470455,2.40422078776243,0.16832358270989,FALSE
3308,"18",2024,56.9528,-52.2333,509.551,3.039083303,21.3070084261123,21.3044055586238,2.31563993074531,0.523370312859241,FALSE
3309,"18",2024,56.9528,-52.2333,100.786,3.564619686,22.9272423717659,22.9249373132029,2.24518233383644,1.74091492628438,FALSE
3310,"18",2024,56.9528,-52.2333,50.288,3.233761011,22.4753190326385,22.4739667131473,2.26444441827275,0.939574656936367,FALSE
3311,"18",2024,56.9528,-52.2333,25.064,3.623486093,22.9429107229848,22.9426371470444,2.24458853912899,1.90135846407146,FALSE
3312,"18",2024,56.9528,-52.2333,2.368,3.676851876,22.942991816738,22.9406462173986,2.24451654596598,2.05158449766366,FALSE
3313,"25",2024,57.3782,-51.7908,3584.948,2.196020287,20.2925680798148,15.5197147612878,2.19602028655816,1.9522249546657e-19,TRUE
3314,"25",2024,57.3782,-51.7908,3503.037,2.135054908,20.8613310281524,15.1356694971694,2.13505490782702,2.99227976174355e-20,TRUE
3315,"25",2024,57.3782,-51.7908,3402.504,1.683526288,25.3002753974517,12.5159129780053,1.68352628348681,2.03688883809559e-17,TRUE
3316,"25",2024,57.3782,-51.7908,3298.921,1.690682301,25.2275764162945,12.5592338466516,1.69068229596133,2.53882259472191e-17,TRUE
3317,"25",2024,57.3782,-51.7908,3195.803,1.444624674,27.8553418782119,11.1051450681128,1.44462470038625,6.96234017188562e-16,TRUE
3318,"25",2024,57.3782,-51.7908,3032.361,1.418469075,28.1504182030544,10.9504965751351,1.41846908214452,5.10441514045951e-17,TRUE
3319,"25",2024,57.3782,-51.7908,2748.385,1.425037854,28.0760175743583,10.9893961399732,1.42503786425772,1.05220824291902e-16,TRUE
3320,"25",2024,57.3782,-51.7908,2478.386,1.208811326,30.6337799870079,9.68082381710779,1.20881135768732,1.00408610040207e-15,TRUE
3321,"25",2024,57.3782,-51.7908,2242.068,1.31283954,29.3746913436263,10.3180798343446,1.31283949823975,1.74391806578147e-15,TRUE
3322,"25",2024,57.3782,-51.7908,2013.586,1.77492953,24.3884199799598,13.0810693846861,1.7749295155603,2.08504862093805e-16,TRUE
3323,"25",2024,57.3782,-51.7908,1782.265,2.085021642,21.3341664984718,14.8311969799167,2.08502164250361,2.53618602028325e-19,TRUE
3324,"25",2024,57.3782,-51.7908,1530.403,2.33662485,19.0167481104837,16.4807784468867,2.33662480713514,1.83739588924942e-15,TRUE
3325,"25",2024,57.3782,-51.7908,1289.638,2.532277011,17.186806916444,17.18596870251,2.5161669806238,0.000259533078721946,FALSE
3326,"25",2024,57.3782,-51.7908,1067.879,2.570758124,17.5087372947506,17.5080534339403,2.49927576706869,0.00510972735245481,FALSE
3327,"25",2024,57.3782,-51.7908,870.019,2.963234115,20.7031393690839,20.7027275673337,2.34309622488604,0.384571002754995,FALSE
3328,"25",2024,57.3782,-51.7908,678.739,3.58838488,22.9433531747975,22.9432340557087,2.24457498962762,1.80582502146263,FALSE
3329,"25",2024,57.3782,-51.7908,508.373,3.223006594,22.8434244664929,22.8405576815814,2.2487063388255,0.9492609872331,FALSE
3330,"25",2024,57.3782,-51.7908,220.642,3.043674602,21.4144693180889,21.4137567929315,2.31089555968583,0.536965124854876,FALSE
3331,"25",2024,57.3782,-51.7908,100.276,3.241446664,22.6855036786402,22.6852246798391,2.25549631032132,0.972098099919107,FALSE
3332,"25",2024,57.3782,-51.7908,49.687,3.793036922,23.3095678484739,23.3085227872091,2.22920151288824,2.44558118679174,FALSE
3333,"25",2024,57.3782,-51.7908,25.403,3.770564252,22.8470671867924,22.846718113253,2.24863551062005,2.31626709383835,FALSE
3334,"25",2024,57.3782,-51.7908,2.068,3.789445696,23.3370085394239,23.335252695701,2.22803658988132,2.43799839667034,FALSE
3335,"28",2024,57.802,-51.3438,3676.447,2.217974903,20.0901597826811,15.6628159285696,2.21797490251897,2.31394020370786e-19,TRUE
3336,"28",2024,57.802,-51.3438,3591.201,2.139809632,20.816624304439,15.1649580542278,2.13980963179848,4.06098274167437e-20,TRUE
3337,"28",2024,57.802,-51.3438,3490.314,1.845631478,23.7075917411161,13.5405195968948,1.84563145486278,5.35330914697686e-16,TRUE
3338,"28",2024,57.802,-51.3438,3381.562,1.585396149,26.3196482598989,11.9319584957226,1.58539614778783,1.46935860650025e-18,TRUE
3339,"28",2024,57.802,-51.3438,3251.134,1.269247943,29.8957048068129,10.0528332074354,1.26924774105575,4.07814782203065e-14,TRUE
3340,"28",2024,57.802,-51.3438,3121.462,1.180237299,30.9891546790118,9.50326867749042,1.18023729808788,8.31956700146021e-19,TRUE
3341,"28",2024,57.802,-51.3438,2941.133,1.203544715,30.6989712970228,9.64817630503655,1.20354471405879,8.85874589970123e-19,TRUE
3342,"28",2024,57.802,-51.3438,2739.651,1.246093172,30.1763048841727,9.91088735723393,1.24609317110427,8.02340469347888e-19,TRUE
3343,"28",2024,57.802,-51.3438,2521.376,1.216982892,30.5329086853191,9.73140713128011,1.21698290513526,1.72535014193431e-16,TRUE
3344,"28",2024,57.802,-51.3438,2289.971,1.323485825,29.2488699733771,10.3824670600513,1.32348582403143,9.38120751579699e-19,TRUE
3345,"28",2024,57.802,-51.3438,2041.176,1.640553212,25.7415310140391,12.2582199168564,1.64055320969163,5.32856972799355e-18,TRUE
3346,"28",2024,57.802,-51.3438,1790.495,2.074486562,21.4343730611081,14.7680956304482,2.07448656273962,5.47039598084361e-19,TRUE
3347,"28",2024,57.802,-51.3438,1550.699,2.439910996,18.1196144694458,17.2856200605115,2.43991103074818,1.2074356661114e-15,TRUE
3348,"28",2024,57.802,-51.3438,1301.358,2.52866964,17.1915951165071,17.1914309399082,2.5159363306228,0.000162137167695539,FALSE
3349,"28",2024,57.802,-51.3438,1070.629,2.715614214,18.5531321762847,18.5448300069304,2.44573329254421,0.0728357117658251,FALSE
3350,"28",2024,57.802,-51.3438,751.341,3.310876249,23.7934778547685,23.7927026679794,2.2092463278089,1.21358848326352,FALSE
3351,"28",2024,57.802,-51.3438,510.398,3.55824336,22.9285304700021,22.9239370591262,2.24505223574142,1.7244709288315,FALSE
3352,"28",2024,57.802,-51.3438,360.158,3.375565768,23.6353154584573,23.634913822405,2.21574550245385,1.34518304837154,FALSE
3353,"28",2024,57.802,-51.3438,220.004,2.806626005,19.2894759875908,19.288685273705,2.40975056749117,0.157510112897821,FALSE
3354,"28",2024,57.802,-51.3438,100.376,3.063353168,21.6343872595819,21.6332377831716,2.30110364930964,0.581024328743692,FALSE
3355,"28",2024,57.802,-51.3438,49.484,3.401532399,24.1474986947096,24.1430249431086,2.1947374156972,1.45635413172481,FALSE
3356,"28",2024,57.802,-51.3438,24.865,3.654155551,22.9380219345172,22.9379748360602,2.24480224631055,1.98627673743908,FALSE
3357,"28",2024,57.802,-51.3438,1.544,3.719575666,22.9312042511702,22.9308256113521,2.24507890947233,2.17414068501062,FALSE
3358,"32",2024,58.2187,-50.8733,3601.893,2.235433668,19.9298622270555,15.777935113864,2.23543366750315,2.46856949338927e-19,TRUE
3359,"32",2024,58.2187,-50.8733,3523.146,2.34904756,18.906901581438,16.5724443438484,2.34904754127017,3.5080655338249e-16,TRUE
3360,"32",2024,58.2187,-50.8733,3321.525,1.552178938,26.6741795028085,11.7368359993696,1.55217893697503,1.05056053766253e-18,TRUE
3361,"32",2024,58.2187,-50.8733,3199.431,1.340399164,29.050119585476,10.4844435145932,1.34039916305785,8.87637673424347e-19,TRUE
3362,"32",2024,58.2187,-50.8733,3055.077,1.373584626,28.6641599924437,10.6834473772303,1.37358462557537,1.80310540770785e-19,TRUE
3363,"32",2024,58.2187,-50.8733,2897.679,1.374301627,28.6558789747991,10.6877317277652,1.37430162660432,1.5656137956889e-19,TRUE
3364,"32",2024,58.2187,-50.8733,2706.286,1.534036518,26.8698442519593,11.6304453368671,1.5340365170138,9.72592650602688e-19,TRUE
3365,"32",2024,58.2187,-50.8733,2497.962,1.457533084,27.7108615806945,11.181248608756,1.45753312957713,2.0772751699863e-15,TRUE
3366,"32",2024,58.2187,-50.8733,2268.193,1.736449044,24.7678941805776,12.8397474238862,1.73644903447497,9.07261983676132e-17,TRUE
3367,"32",2024,58.2187,-50.8733,2017.982,2.195140495,20.3008041680163,15.5142613417319,2.19514049455757,1.95748316392801e-19,TRUE
3368,"32",2024,58.2187,-50.8733,1763.568,2.529015207,17.1631813889963,17.1626605091404,2.51742646910198,0.000134298846068927,FALSE
3369,"32",2024,58.2187,-50.8733,1522.29,2.683546027,18.2831417966304,18.2816999999555,2.45951953052333,0.0501878711236096,FALSE
3370,"32",2024,58.2187,-50.8733,1291.029,2.90944611,20.1930185635036,20.1923708325159,2.36672139952702,0.294550111357975,FALSE
3371,"32",2024,58.2187,-50.8733,1069.028,3.576960709,22.9403103911378,22.9200196657177,2.24403561790429,1.77668929847251,FALSE
3372,"32",2024,58.2187,-50.8733,753.048,3.797697264,23.2065672641186,23.2059402561651,2.23350997298248,2.44668188138071,FALSE
3373,"32",2024,58.2187,-50.8733,510.668,3.387093251,23.762895495515,23.7621727745901,2.21049948605348,1.38437288771103,FALSE
3374,"32",2024,58.2187,-50.8733,359.054,3.190518793,23.1744903443714,23.1739740775347,2.23485437762787,0.913294474808559,FALSE
3375,"32",2024,58.2187,-50.8733,218.7,3.279213505,23.2762957971468,23.2754838843372,2.23059475034604,1.09960129261203,FALSE
3376,"32",2024,58.2187,-50.8733,98.908,3.482505931,22.9249364329318,22.92230166222,2.24526873728326,1.53075587351606,FALSE
3377,"32",2024,58.2187,-50.8733,50.263,3.919605654,19.493928301657,19.4930684383006,2.39987580360261,2.30957881818889,FALSE
3378,"32",2024,58.2187,-50.8733,24.954,4.026874256,17.3623160513369,17.3612855201059,2.50692088898922,2.3102582378874,FALSE
3379,"32",2024,58.2187,-50.8733,2.556,4.330137612,17.4721110278597,17.4716259639944,2.50119322493908,3.34503757096163,FALSE
3380,"37",2024,58.638,-50.4135,3574.681,2.296160104,19.3779097185042,16.1904600566058,2.29616010348797,2.62171510841524e-19,TRUE
3381,"37",2024,58.638,-50.4135,3500.757,2.349260015,18.9050273116342,16.5740229964836,2.34925999657085,3.39633560942873e-16,TRUE
3382,"37",2024,58.638,-50.4135,3430.899,2.110715179,21.0907138263432,14.9865192656998,2.11071517907233,5.23158518191527e-21,TRUE
3383,"37",2024,58.638,-50.4135,3319.826,2.058352795,21.5882342993412,14.6720159084487,2.05835279620896,1.4615961975395e-18,TRUE
3384,"37",2024,58.638,-50.4135,3200.391,1.523257496,26.9867765717939,11.5672511451674,1.52325749502559,9.49468135290092e-19,TRUE
3385,"37",2024,58.638,-50.4135,3060.37,1.423468356,28.0937763059888,10.980105635908,1.4234683654329,8.89795943459837e-17,TRUE
3386,"37",2024,58.638,-50.4135,2900.325,1.520460256,27.017204633886,11.5508511524481,1.52046025502771,9.45356099086169e-19,TRUE
3387,"37",2024,58.638,-50.4135,2711.093,1.518495019,27.0386027999266,11.5393286776655,1.518495018029,9.4284736546574e-19,TRUE
3388,"37",2024,58.638,-50.4135,2498.834,1.540752105,26.7972496254302,11.6698199521772,1.54075210400275,9.9451609729469e-19,TRUE
3389,"37",2024,58.638,-50.4135,2269.961,1.574929446,26.430843191805,11.8704061143461,1.57492944486953,1.27796680324325e-18,TRUE
3390,"37",2024,58.638,-50.4135,2020.198,1.809372244,24.0541385844723,13.3020896283483,1.80937222501351,3.60486774787634e-16,TRUE
3391,"37",2024,58.638,-50.4135,1771.376,2.111366162,21.0845433862066,14.9904381811586,2.11136616207186,5.16441267891273e-21,TRUE
3392,"37",2024,58.638,-50.4135,1531.038,2.440011729,18.1187586586613,17.2864576435775,2.44001176395869,1.22211004909496e-15,TRUE
3393,"37",2024,58.638,-50.4135,1291.154,2.66184806,18.1491020107529,18.1484172638423,2.4663313223257,0.0382267947108001,FALSE
3394,"37",2024,58.638,-50.4135,749.971,3.13332482,22.236833672653,22.2365913266192,2.27475940931299,0.73713456442816,FALSE
3395,"37",2024,58.638,-50.4135,510.041,3.653562784,22.8099258237049,22.8092289958866,2.25019707391614,1.96943531623917,FALSE
3396,"37",2024,58.638,-50.4135,220.968,3.473170767,22.7602101956627,22.7593405598202,2.25230035072321,1.49052457333986,FALSE
3397,"37",2024,58.638,-50.4135,99.523,3.571960349,22.9568261134261,22.9262500023182,2.24299867875586,1.76613912097808,FALSE
3398,"37",2024,58.638,-50.4135,50.39,3.978064387,17.6104618919101,17.6059171064283,2.4938557010502,2.20287542344883,FALSE
3399,"37",2024,58.638,-50.4135,25.708,4.09656524,17.3903160657237,17.389003816909,2.50544375282174,2.53166758696037,FALSE
3400,"37",2024,58.638,-50.4135,2.097,4.085338394,17.3777074977367,17.3243484401618,2.50437788614209,2.49943612740634,FALSE
3401,"41",2024,59.067,-49.9535,3518.425,2.344021028,18.9512882287162,16.5352030333612,2.34402100112274,7.22387270769086e-16,TRUE
3402,"41",2024,59.067,-49.9535,3450.023,2.244764772,19.8447039644106,15.8405990638727,2.24476477149641,2.53605183456995e-19,TRUE
3403,"41",2024,59.067,-49.9535,3370.429,2.095311841,21.2365086850811,14.8931638456298,2.09531184130197,9.11856154491141e-20,TRUE
3404,"41",2024,59.067,-49.9535,3270.076,1.789172758,24.2495730553097,13.1718572394537,1.78917274165073,2.67298642022619e-16,TRUE
3405,"41",2024,59.067,-49.9535,3153.016,1.61208048,26.0383135805968,12.0893251208207,1.61208047843048,2.46339185444458e-18,TRUE
3406,"41",2024,59.067,-49.9535,3020.099,1.408376528,28.2651180895573,10.8906438723834,1.40837653181434,1.45492079252907e-17,TRUE
3407,"41",2024,59.067,-49.9535,2858.303,1.467701747,27.5975754178212,11.24111219044,1.46770181490281,4.61079161152272e-15,TRUE
3408,"41",2024,59.067,-49.9535,2660.262,1.644532911,25.7003294071837,12.2819290806215,1.64453290854892,6.00779645948268e-18,TRUE
3409,"41",2024,59.067,-49.9535,2441.66,1.554652203,26.6476166913765,11.7513458794673,1.55465220196722,1.06663515988485e-18,TRUE
3410,"41",2024,59.067,-49.9535,2209.05,1.901715686,23.1820343963681,13.9222198852209,1.90171565849045,7.567752541081e-16,TRUE
3411,"41",2024,59.067,-49.9535,1969.04,2.152740744,20.6954745612305,15.2454792269397,2.15274074370942,8.44395779964751e-20,TRUE
3412,"41",2024,59.067,-49.9535,1499.879,2.763248186,19.0200969504832,19.0147289269904,2.42272905037512,0.115953281726715,FALSE
3413,"41",2024,59.067,-49.9535,1281.611,2.843967553,19.6918697573321,19.6915262617187,2.3904108762203,0.205713659051447,FALSE
3414,"41",2024,59.067,-49.9535,1072.617,3.204431049,22.4967153223459,22.4941346856679,2.2634859872524,0.885377609227197,FALSE
3415,"41",2024,59.067,-49.9535,753.148,3.63517382,22.929510076612,22.9269306155523,2.2450775570535,1.93236762025781,FALSE
3416,"41",2024,59.067,-49.9535,511.674,3.758002567,22.9402570692296,22.9292745784454,2.24434602119808,2.291156138649,FALSE
3417,"41",2024,59.067,-49.9535,360.011,3.345623083,23.3722968749892,23.3714768612674,2.22660128864887,1.25220977623282,FALSE
3418,"41",2024,59.067,-49.9535,221.243,3.240249697,23.0205486928063,23.0181220971242,2.2412474271937,0.998005535078148,FALSE
3419,"41",2024,59.067,-49.9535,101.232,3.75242937,22.925960597253,22.9244620652773,2.24526312098821,2.27155010216028,FALSE
3420,"41",2024,59.067,-49.9535,25.907,4.413465362,17.4544182666355,17.4515988209807,2.50203990041156,3.65354729520856,FALSE
3421,"41",2024,59.067,-49.9535,2.931,4.411979474,17.5424853683119,17.499727737291,2.49612094682769,3.67051389613884,FALSE
3422,"45",2024,59.4825,-49.4753,3442.751,2.689814925,18.3841834700395,18.3825285778875,2.45442108185034,0.0554102613927674,FALSE
3423,"45",2024,59.4825,-49.4753,3351.656,2.485153617,17.5382763388624,17.1596055985073,2.48515361648221,2.68102609298699e-19,TRUE
3424,"45",2024,59.4825,-49.4753,3300.597,2.266940557,19.6430382304285,15.9910588388627,2.26694055648847,2.6165787119596e-19,TRUE
3425,"45",2024,59.4825,-49.4753,3198.356,1.967983425,22.5772322624801,14.3969734361413,1.96798342438942,3.72810956909164e-19,TRUE
3426,"45",2024,59.4825,-49.4753,3078.194,1.742858419,24.7042444915252,12.8795660271765,1.74285840870816,1.05921893851769e-16,TRUE
3427,"45",2024,59.4825,-49.4753,2948.715,1.597935143,26.1870640285606,12.0058153184124,1.59793514165093,1.81999157277792e-18,TRUE
3428,"45",2024,59.4825,-49.4753,2790.312,1.678848573,25.3479174527465,12.4876646124967,1.67884856880424,1.76044128358672e-17,TRUE
3429,"45",2024,59.4825,-49.4753,2609.41,1.551730815,26.6789951854993,11.7342072121175,1.55173081397637,1.04781761021618e-18,TRUE
3430,"45",2024,59.4825,-49.4753,2405.447,1.608898361,26.0717006369387,12.0705189370629,1.60889835948713,2.28877377704699e-18,TRUE
3431,"45",2024,59.4825,-49.4753,2188.29,1.665567496,25.4837028230581,12.4077425271287,1.66556749259677,1.15819859797406e-17,TRUE
3432,"45",2024,59.4825,-49.4753,1958.761,2.009609353,22.206778431894,14.7116000759224,2.00960935242143,3.34746421568057e-19,TRUE
3433,"45",2024,59.4825,-49.4753,1728.787,2.368607032,18.7349732923583,16.7193848154001,2.36860702927538,7.4235763877063e-18,TRUE
3434,"45",2024,59.4825,-49.4753,1497.414,2.554669162,17.2519318037537,17.2516979227966,2.51275055484322,0.0017571696259647,FALSE
3435,"45",2024,59.4825,-49.4753,1278.847,2.6712372,18.1428269544915,18.1419533139954,2.46664366742559,0.0418585135712749,FALSE
3436,"45",2024,59.4825,-49.4753,1069.21,2.688614315,18.3650422001485,18.3641334525358,2.45540880772759,0.0543848086221809,FALSE
3437,"45",2024,59.4825,-49.4753,747.694,3.529493498,22.9374749888216,22.93741912813,2.24482502913458,1.65037307489702,FALSE
3438,"45",2024,59.4825,-49.4753,509.938,3.536013157,22.7820373463147,22.7768036733093,2.25122940754562,1.65066928286204,FALSE
3439,"45",2024,59.4825,-49.4753,219.374,3.358800696,23.2566290718493,23.2563090256983,2.23143076480341,1.2709629617662,FALSE
3440,"45",2024,59.4825,-49.4753,49.187,3.758549913,22.9217547838824,22.9213032880127,2.24547528605078,2.28939482671753,FALSE
3441,"45",2024,59.4825,-49.4753,24.749,4.284452811,17.6932254150447,17.6923903060114,2.48968981357917,3.221174216911,FALSE
3442,"45",2024,59.4825,-49.4753,3.062,4.366617246,17.4966481196294,17.4888175764077,2.49966903531658,3.48549562137402,FALSE
3443,"49",2024,59.7507,-49.1682,3260.135,2.579335713,17.5799632635199,17.5796044771669,2.4955788990919,0.00701520387603583,FALSE
3444,"49",2024,59.7507,-49.1682,3200.444,2.39098904,18.5398288287119,16.8917045601807,2.39098903951001,2.40091335661581e-19,TRUE
3445,"49",2024,59.7507,-49.1682,3021.114,1.906389324,23.1388004138787,13.9547962431074,1.90638929622813,7.71276511904844e-16,TRUE
3446,"49",2024,59.7507,-49.1682,2899.796,1.617322173,25.9834130915947,12.1203308734711,1.61732217132716,2.7983924764926e-18,TRUE
3447,"49",2024,59.7507,-49.1682,2757.698,1.562607695,26.5623554863338,11.7980338052778,1.56260769393671,1.13057927412296e-18,TRUE
3448,"49",2024,59.7507,-49.1682,2620.662,1.607788497,26.0833557552038,12.0639625376771,1.60778849550587,2.23243022212863e-18,TRUE
3449,"49",2024,59.7507,-49.1682,2460.636,1.418047106,28.1552043803319,10.9479962455426,1.41804711297307,4.86237131101606e-17,TRUE
3450,"49",2024,59.7507,-49.1682,2260.923,1.644864814,25.6968963417871,12.2839076720706,1.64486481153652,6.0687494531026e-18,TRUE
3451,"49",2024,59.7507,-49.1682,2060.947,1.617583353,25.980680660614,12.121876742996,1.61758335132167,2.81679057331231e-18,TRUE
3452,"49",2024,59.7507,-49.1682,1850.834,1.874569295,23.4348585692641,13.7354044176857,1.8745692693041,6.60279292044624e-16,TRUE
3453,"49",2024,59.7507,-49.1682,1641.087,2.190929619,20.3399436606582,15.4875056879138,2.19092961856294,1.91021588561078e-19,TRUE
3454,"49",2024,59.7507,-49.1682,1430.902,2.549384933,17.3315007261701,17.3314197944446,2.50856973471164,0.00166588041131791,FALSE
3455,"49",2024,59.7507,-49.1682,1230.862,2.920661797,20.2968472399365,20.2907703912046,2.36169222844126,0.312446978574739,FALSE
3456,"49",2024,59.7507,-49.1682,1030.578,2.997082905,20.9656634725226,20.9570647792533,2.33084124775273,0.443877945851587,FALSE
3457,"49",2024,59.7507,-49.1682,750.467,3.990344577,17.352913513883,17.3527931971722,2.50744434534222,2.19899309705069,FALSE
3458,"49",2024,59.7507,-49.1682,480.273,3.787836205,22.9419061513639,22.9301748190962,2.24425167784622,2.38265319246857,FALSE
3459,"49",2024,59.7507,-49.1682,330.523,3.98005982,17.3350927648202,17.3327654597041,2.50830662346456,2.16605747151228,FALSE
3460,"49",2024,59.7507,-49.1682,211.048,3.6031117,22.9270783219853,22.926536775499,2.24524762401297,1.84379484885611,FALSE
3461,"49",2024,59.7507,-49.1682,100.973,4.392329239,17.4898011637338,17.4896258828381,2.50028021007151,3.57984952786925,FALSE
3462,"49",2024,59.7507,-49.1682,50.333,4.287041831,17.4010513250097,17.3889598580189,2.50452394516053,3.17737001333761,FALSE
3463,"49",2024,59.7507,-49.1682,1.875,4.731569724,17.3067456829619,17.3060761867643,2.50985102013442,4.93603399910614,FALSE
3464,"54",2024,60.2908,-48.5428,2774.975,1.528222974,26.9328471698259,11.5963622603603,1.52822297302095,9.585435915908e-19,TRUE
3465,"54",2024,60.2908,-48.5428,2568.89,1.638135329,25.7665968200742,12.2438287422478,1.63813532677306,4.95924183194518e-18,TRUE
3466,"54",2024,60.2908,-48.5428,2494.345,1.685591953,25.2792671207173,12.5284046365007,1.6855919483401,2.17146226824997e-17,TRUE
3467,"54",2024,60.2908,-48.5428,2270.494,1.519555827,27.0270502567414,11.5455484044028,1.51955582602832,9.44164747005613e-19,TRUE
3468,"54",2024,60.2908,-48.5428,2126.111,1.713043033,25.0018467962431,12.6954959515315,1.71304302600503,4.8929616839689e-17,TRUE
3469,"54",2024,60.2908,-48.5428,1788.503,2.034634887,21.8152775340326,14.5318563530989,2.03463488906228,4.25299198500781e-18,TRUE
3470,"54",2024,60.2908,-48.5428,1608.976,2.277053365,19.5501624856523,16.0574574439323,2.27705336448928,2.60829837603888e-19,TRUE
3471,"54",2024,60.2908,-48.5428,1407.087,2.512610437,17.3044802863736,17.3038959763066,2.50997295048501,6.95633511677322e-06,FALSE
3472,"54",2024,60.2908,-48.5428,1009.435,3.283352653,23.5606600011543,23.5465478249581,2.21836781925612,1.13419269610448,FALSE
3473,"54",2024,60.2908,-48.5428,748.195,3.154474481,22.3022180806915,22.3008816776581,2.27189614071237,0.778944526744873,FALSE
3474,"54",2024,60.2908,-48.5428,510.003,3.396846645,23.314025529632,23.3081161394823,2.22885530148119,1.36420377853487,FALSE
3475,"54",2024,60.2908,-48.5428,369.009,3.516222184,22.9276384261361,22.923415281379,2.2451021346638,1.61574617982447,FALSE
3476,"54",2024,60.2908,-48.5428,250.098,3.442241498,24.2930186630736,24.2928759108122,2.18901841870527,1.57056808647698,FALSE
3477,"54",2024,60.2908,-48.5428,149.582,3.637507895,22.9482012788267,22.9193415443536,2.24341911745864,1.94348351966676,FALSE
3478,"54",2024,60.2908,-48.5428,99.849,3.427149451,23.8210351423112,23.8008825512123,2.20748125567681,1.48759050668294,FALSE
3479,"54",2024,60.2908,-48.5428,49.816,3.669068683,22.9278565706497,22.9204005653957,2.24498592064045,2.02801171404961,FALSE
3480,"54",2024,60.2908,-48.5428,30.158,3.946055308,17.334697429701,17.3217790809495,2.5079762234957,2.06807145328874,FALSE
3481,"54",2024,60.2908,-48.5428,20.087,4.008941124,17.3125159473896,17.3119467820556,2.50955101669612,2.24817069388073,FALSE
3482,"54",2024,60.2908,-48.5428,1.921,3.971761606,17.3356288265056,17.3317451248658,2.50822687346124,2.14193391334729,FALSE
3483,"59",2024,60.4322,-48.4108,191.331,3.300382744,23.6598453898669,23.6558067068894,2.21461706962237,1.17888709965672,FALSE
3484,"59",2024,60.4322,-48.4108,151.265,3.601891174,22.9283848907986,22.9261729048415,2.24513720022056,1.8407813453663,FALSE
3485,"59",2024,60.4322,-48.4108,126.505,3.810048169,23.1592373727591,23.1577785237643,2.23546130394699,2.47932379559746,FALSE
3486,"59",2024,60.4322,-48.4108,100.929,3.622271401,22.9251012690942,22.9245920038027,2.24533212945332,1.8959617575275,FALSE
3487,"59",2024,60.4322,-48.4108,79.775,3.988318074,17.5978436089958,17.5973867035787,2.4946466090718,2.23105444514077,FALSE
3488,"59",2024,60.4322,-48.4108,59.711,4.128154141,17.3582082588289,17.3567869725038,2.50712341289826,2.62774062145007,FALSE
3489,"59",2024,60.4322,-48.4108,49.379,3.835733089,23.1896822709694,23.1884207325431,2.23419455783938,2.56492566679212,FALSE
3490,"59",2024,60.4322,-48.4108,30.406,4.083242655,17.3271212057868,17.326192366936,2.50877165664298,2.47895892466735,FALSE
3491,"59",2024,60.4322,-48.4108,20.064,4.287404608,17.4683330042578,17.4646761691589,2.50128527680956,3.19022226525218,FALSE
3492,"59",2024,60.4322,-48.4108,9.866,4.398954208,17.4268125423963,17.394750345842,2.50251297944489,3.59648933336363,FALSE
3493,"64",2024,60.365,-48.4507,1274.886,3.332769729,23.3390156576812,23.3372350392371,2.22795232666848,1.22062149249458,FALSE
3494,"64",2024,60.365,-48.4507,774.893,3.173861376,22.7128469458626,22.7122354696805,2.25432169419032,0.845553226422656,FALSE
3495,"64",2024,60.365,-48.4507,551.631,3.185592409,23.1173965694055,23.1170107464377,2.23724895801461,0.899355301026878,FALSE
3496,"64",2024,60.365,-48.4507,350.311,3.036720237,21.284598958148,21.2834056758772,2.31669180989677,0.518440935836756,FALSE
3497,"64",2024,60.365,-48.4507,250.661,3.108677395,21.9237725460145,21.9236332207312,2.28839409672642,0.672864689426584,FALSE
3498,"64",2024,60.365,-48.4507,150.01,3.308445781,23.1561317244812,23.153158796029,2.2355412083585,1.15112422199503,FALSE
3499,"64",2024,60.365,-48.4507,100.317,3.431224735,23.9546672695394,23.9491855246809,2.20251811018018,1.50971996987611,FALSE
3500,"64",2024,60.365,-48.4507,79.607,3.591819844,22.9250486734425,22.9235701414036,2.2453022693075,1.81310957895577,FALSE
3501,"64",2024,60.365,-48.4507,59.735,3.659582676,22.9565250445339,22.9332098944291,2.24325178980415,2.00599317919232,FALSE
3502,"64",2024,60.365,-48.4507,49.755,3.77137199,22.929816806489,22.9294529577191,2.24513794352388,2.32939036462288,FALSE
3503,"64",2024,60.365,-48.4507,40.134,4.00794179,17.3421938012881,17.3416622835019,2.50799332767973,2.24984538961694,FALSE
3504,"64",2024,60.365,-48.4507,30.196,4.109130083,17.4062895639231,17.4057216404112,2.50463185666693,2.57441455830596,FALSE
3505,"64",2024,60.365,-48.4507,20.48,4.454230226,17.427523445963,17.4272467609327,2.50353029951445,3.80523020319071,FALSE
3506,"64",2024,60.365,-48.4507,9.869,4.487531719,17.465083897549,17.4637696248476,2.50153267016861,3.9441922219592,FALSE
3507,"67",2024,60.1717,-48.6852,2840.803,1.953711044,22.7059674558646,14.2922172362572,1.95371104337769,3.87268883772558e-19,TRUE
3508,"67",2024,60.1717,-48.6852,2660.332,1.787570868,24.2651455812631,13.1616045806478,1.78757085186478,2.60345433510262e-16,TRUE
3509,"67",2024,60.1717,-48.6852,2540.567,1.558036784,26.6113095350025,11.7712056621136,1.5580367829553,1.0914015553033e-18,TRUE
3510,"67",2024,60.1717,-48.6852,2400.294,1.500045065,27.2403207662427,11.431118665045,1.50004506403526,9.30730677532579e-19,TRUE
3511,"67",2024,60.1717,-48.6852,2059.809,1.69192007,25.2150243519936,12.5667404595095,1.69192006486549,2.63631739627767e-17,TRUE
3512,"67",2024,60.1717,-48.6852,1861.429,1.825996896,23.8945749155839,13.4106424162127,1.82599687499279,4.4130289877633e-16,TRUE
3513,"67",2024,60.1717,-48.6852,1660.904,2.003754192,22.25843108141,14.6664827716607,2.00375419141715,3.3971385258108e-19,TRUE
3514,"67",2024,60.1717,-48.6852,1460.151,2.285515145,19.4737446704969,16.11605381275,2.28551514448825,2.61884174207964e-19,TRUE
3515,"67",2024,60.1717,-48.6852,1260.666,2.405135098,18.4174052414542,17.0030695838874,2.40513509874296,5.51987456861552e-19,TRUE
3516,"67",2024,60.1717,-48.6852,1060.689,2.598550307,17.7442116499383,17.7440090138673,2.48707589571181,0.0124265443720484,FALSE
3517,"67",2024,60.1717,-48.6852,750.458,3.046944192,21.3861370388625,21.3857577922646,2.31217220131446,0.539889878295984,FALSE
3518,"67",2024,60.1717,-48.6852,561,3.1703292,22.5841972562184,22.5840274104393,2.25982127385969,0.829024683564333,FALSE
3519,"67",2024,60.1717,-48.6852,430.588,3.22529769,22.850211897407,22.8449040122208,2.24833823492649,0.954449776857523,FALSE
3520,"67",2024,60.1717,-48.6852,310.329,2.97725825,20.7354409796203,20.7350900349866,2.34161739793572,0.404039292813,FALSE
3521,"67",2024,60.1717,-48.6852,200.125,3.193112188,23.1851808811867,23.1835099032039,2.23436919155403,0.919188133234188,FALSE
3522,"67",2024,60.1717,-48.6852,100.464,3.475554137,22.9378222244995,22.9372652801933,2.24479379780162,1.5147710125437,FALSE
3523,"67",2024,60.1717,-48.6852,50.441,3.687927323,22.9301113494268,22.9297128052255,2.24512436648355,2.0816803713326,FALSE
3524,"67",2024,60.1717,-48.6852,29.968,3.990096807,17.3462039124851,17.3458587029026,2.5077890074507,2.19723641260469,FALSE
3525,"67",2024,60.1717,-48.6852,20.541,4.063195746,17.3361583227706,17.333826149223,2.50825050883697,2.41785469057599,FALSE
3526,"67",2024,60.1717,-48.6852,2.726,4.224669785,17.6864194052123,17.6861618423494,2.49006114103447,3.00886714771994,FALSE
3527,"71",2024,59.9868,-48.9022,3056.874,2.370571154,18.7177793725074,16.7343238101982,2.37057115188214,4.48534272967532e-18,TRUE
3528,"71",2024,59.9868,-48.9022,2939.914,1.804937397,24.0968993574449,13.2733435474652,1.80493737857918,3.3932669055855e-16,TRUE
3529,"71",2024,59.9868,-48.9022,2859.042,1.728804489,24.8440429927412,12.7924385047959,1.7288044803508,7.48087148096608e-17,TRUE
3530,"71",2024,59.9868,-48.9022,2758.764,1.50327728,27.2048737336216,11.4500820018294,1.50327727903476,9.31679039737311e-19,TRUE
3531,"71",2024,59.9868,-48.9022,2639.957,1.45750859,27.7111350227275,11.1811043223279,1.45750863553195,2.07315828773946e-15,TRUE
3532,"71",2024,59.9868,-48.9022,2501.009,1.392673194,28.4445235721266,10.7972983262039,1.39267319496788,9.36785243880499e-19,TRUE
3533,"71",2024,59.9868,-48.9022,2338.883,1.413691924,28.2046509478374,10.9221794570651,1.41369192937862,2.89295888668926e-17,TRUE
3534,"71",2024,59.9868,-48.9022,2156.177,1.520180464,27.0202500687376,11.5492107161001,1.5201804630279,9.44980483120962e-19,TRUE
3535,"71",2024,59.9868,-48.9022,1978.933,1.479125574,27.470859674332,11.3082846632671,1.47912557303495,9.31325436592263e-19,TRUE
3536,"71",2024,59.9868,-48.9022,1777.961,1.700518072,25.1280171112827,12.6189978618467,1.70051806615933,3.41134332191572e-17,TRUE
3537,"71",2024,59.9868,-48.9022,1578.126,2.013984612,22.1682787003719,14.7455044506026,2.01398461142457,3.31120110741421e-19,TRUE
3538,"71",2024,59.9868,-48.9022,1381.065,2.298171278,19.3598412557048,16.2046062285707,2.29817127748803,2.62115122243604e-19,TRUE
3539,"71",2024,59.9868,-48.9022,1179.861,2.308139021,19.2704702026357,16.275141727051,2.30813902048872,2.61405781287517e-19,TRUE
3540,"71",2024,59.9868,-48.9022,978.494,2.683334905,18.2262066208012,18.2249034333062,2.4624022981022,0.048811216790657,FALSE
3541,"71",2024,59.9868,-48.9022,749.913,3.237173639,22.9750135784539,22.9729299474897,2.24317544224933,0.988032415143586,FALSE
3542,"71",2024,59.9868,-48.9022,498.314,3.190308851,22.8050315209641,22.8043233123744,2.25040414898261,0.88342084887439,FALSE
3543,"71",2024,59.9868,-48.9022,379.5,3.357128828,23.2860580939116,23.2773504150151,2.22992714361865,1.27058363727215,FALSE
3544,"71",2024,59.9868,-48.9022,169.429,3.340427926,23.4058117574423,23.4037169646759,2.22516839849322,1.24380381369464,FALSE
3545,"71",2024,59.9868,-48.9022,100.65,3.402708433,23.3806698091052,23.3659671251365,2.22579512070611,1.38512494465457,FALSE
3546,"71",2024,59.9868,-48.9022,49.957,3.749852381,22.9470280389534,22.9255014990377,2.24371140089574,2.26846065194942,FALSE
3547,"71",2024,59.9868,-48.9022,25.832,3.803366622,23.0015283217798,22.9994088968332,2.24205780924887,2.43768520877434,FALSE
3548,"71",2024,59.9868,-48.9022,1.577,4.086922445,17.3883555097677,17.3872954799848,2.50555483554122,2.50072351624537,FALSE
3549,"93",2024,55.6123,-53.628,2950.199,2.288748281,19.4446017939012,16.138570348143,2.28874828048806,2.62083292648767e-19,TRUE
3550,"93",2024,55.6123,-53.628,2880.924,2.234855861,19.9352055328551,15.7742170791759,2.23485586050319,2.46822971271356e-19,TRUE
3551,"93",2024,55.6123,-53.628,2799.685,2.081845113,21.3643731882773,14.8121714210504,2.08184511354993,3.02417987931358e-19,TRUE
3552,"93",2024,55.6123,-53.628,2690.85,1.898674282,23.2102155116202,13.9010875557199,1.89867425466864,7.4700346142707e-16,TRUE
3553,"93",2024,55.6123,-53.628,2560.316,1.731855954,24.8136163861323,12.8112992473372,1.73185594500654,8.08822504629958e-17,TRUE
3554,"93",2024,55.6123,-53.628,2420.063,1.690350839,25.2309388639813,12.5572243352619,1.69035083398674,2.51327560846652e-17,TRUE
3555,"93",2024,55.6123,-53.628,2269.363,1.750945353,24.6241891576448,12.9300137353568,1.75094534170388,1.27602342993116e-16,TRUE
3556,"93",2024,55.6123,-53.628,2111.731,1.750288437,24.6306816436969,12.9259069701078,1.75028842578683,1.2573515040756e-16,TRUE
3557,"93",2024,55.6123,-53.628,1939.792,1.759899858,24.5358750037186,12.9861528244993,1.75989984555274,1.54934262172923e-16,TRUE
3558,"93",2024,55.6123,-53.628,1760.732,1.916865556,23.0422027894885,14.028281485204,1.91686552768993,8.01460167718523e-16,TRUE
3559,"93",2024,55.6123,-53.628,1569.501,2.225953573,20.0167213726274,15.7150227906638,2.22595357251169,2.38450400293132e-19,TRUE
3560,"93",2024,55.6123,-53.628,1380.913,2.534221795,17.0939486968493,17.0933032515041,2.52108952517418,0.000172456510778272,FALSE
3561,"93",2024,55.6123,-53.628,1179.976,2.563128453,17.4477191839492,17.4468901298296,2.50245600401508,0.00368114606582753,FALSE
3562,"93",2024,55.6123,-53.628,989.322,2.702299273,18.4816761408804,18.4801641661412,2.44953314382916,0.0638907160560076,FALSE
3563,"93",2024,55.6123,-53.628,750.521,3.45358413,24.5916491570086,24.5890898442714,2.17700478326051,1.62965482852181,FALSE
3564,"93",2024,55.6123,-53.628,488.489,3.556527662,22.9350864442387,22.9347399831634,2.24491617743969,1.72032468643051,FALSE
3565,"93",2024,55.6123,-53.628,219.517,3.745031265,22.9382135108443,22.9376645639226,2.24477755632143,2.25076119040381,FALSE
3566,"93",2024,55.6123,-53.628,99.977,3.993819641,17.3511464443961,17.3488754383086,2.50746576416406,2.20924784718522,FALSE
3567,"93",2024,55.6123,-53.628,49.454,4.049152796,17.6174895646377,17.6157663485373,2.49358459769481,2.41979241957846,FALSE
3568,"93",2024,55.6123,-53.628,29.787,3.973706778,17.3491816373133,17.3451016746846,2.50750889672954,2.14973622704199,FALSE
3569,"93",2024,55.6123,-53.628,9.653,4.025518383,17.3594336086908,17.3589538095678,2.50709034800728,2.30562369745186,FALSE
3570,"93",2024,55.6123,-53.628,2.065,3.877529995,21.7425255820136,21.7407078473942,2.29630333857407,2.50027773899191,FALSE
3571,"98",2024,55.4198,-53.826,2720.095,2.078206072,21.3989787700436,14.790358927802,2.07820607263678,4.05482498830874e-19,TRUE
3572,"98",2024,55.4198,-53.826,2589.273,1.965914985,22.595835859425,14.3816978713733,1.96591498438774,3.74863692145933e-19,TRUE
3573,"98",2024,55.4198,-53.826,2507.503,1.913476229,23.0734069669529,14.0044359282679,1.91347620085654,7.92054453643955e-16,TRUE
3574,"98",2024,55.4198,-53.826,2412.627,1.762613612,24.5091787433743,13.0032259597676,1.76261359919744,1.63905534335875e-16,TRUE
3575,"98",2024,55.4198,-53.826,2290.897,1.553842083,26.6563144281714,11.7465929324415,1.55384208196986,1.06119110948538e-18,TRUE
3576,"98",2024,55.4198,-53.826,2148.631,1.540067439,26.8046417564735,11.6658053809355,1.54006743800403,9.91959725837589e-19,TRUE
3577,"98",2024,55.4198,-53.826,1991.743,1.692130129,25.2128948312096,12.5680147911748,1.69213012384908,2.65319484986969e-17,TRUE
3578,"98",2024,55.4198,-53.826,1812.455,1.769464063,24.4419290645771,13.0464509142306,1.76946404929073,1.87944185826919e-16,TRUE
3579,"98",2024,55.4198,-53.826,1612.022,2.104641948,21.1481397025574,14.949618279327,2.10464194815513,2.40645308403654e-20,TRUE
3580,"98",2024,55.4198,-53.826,1411.293,2.500481966,17.3957596073085,17.2535923335365,2.50048196547701,2.7352282076668e-19,TRUE
3581,"98",2024,55.4198,-53.826,1210.449,2.534807105,17.208634904457,17.2082551585578,2.51502932289952,0.000391160664813992,FALSE
3582,"98",2024,55.4198,-53.826,1030.649,2.838380433,19.5827468325417,19.5819697707613,2.39561464010761,0.196041547355631,FALSE
3583,"98",2024,55.4198,-53.826,751.283,3.553959096,22.9425034815448,22.9420850490823,2.24460092152429,1.71441882906638,FALSE
3584,"98",2024,55.4198,-53.826,510.421,3.497684586,22.9343338044531,22.9312075797983,2.24485593114719,1.5695796384203,FALSE
3585,"98",2024,55.4198,-53.826,370.757,3.544888082,22.934311346772,22.9339145784499,2.24494721346755,1.68984626168091,FALSE
3586,"98",2024,55.4198,-53.826,250.311,3.515355319,22.9237146601198,22.9234519428258,2.24539881170979,1.61278953040874,FALSE
3587,"98",2024,55.4198,-53.826,99.98,3.730173653,22.9253597482489,22.9212269542412,2.24520128896955,2.20514292193417,FALSE
3588,"98",2024,55.4198,-53.826,50.387,4.270100466,17.7454926180054,17.691040254133,2.48520714779783,3.18584415736276,FALSE
3589,"98",2024,55.4198,-53.826,30.661,4.386120994,17.4340954110918,17.3954036533036,2.50191201115131,3.5502434910477,FALSE
3590,"98",2024,55.4198,-53.826,20.929,4.612041064,17.3944259131175,17.392627017747,2.50521231576852,4.43872737437462,FALSE
3591,"98",2024,55.4198,-53.826,10.977,4.544373367,17.4767408933175,17.4587074647551,2.50036926862442,4.17795275417615,FALSE
3592,"98",2024,55.4198,-53.826,1.943,4.434337837,17.3939068707897,17.3888559898558,2.50513165733303,3.72183648366522,FALSE
3593,"103",2024,55.2628,-53.9922,2078.221,1.720844767,24.923600844804,12.7433833967601,1.72084475921308,6.06361576314373e-17,TRUE
3594,"103",2024,55.2628,-53.9922,1970.326,1.714652045,24.9856878655063,12.7053568371274,1.71465203784617,5.11772673957575e-17,TRUE
3595,"103",2024,55.2628,-53.9922,1902.029,1.668921918,25.4493348689458,12.427890751737,1.6689219144114,1.28780409992074e-17,TRUE
3596,"103",2024,55.2628,-53.9922,1809.218,1.675633946,25.3807133113474,12.4682824142749,1.67563394201063,1.59150459875331e-17,TRUE
3597,"103",2024,55.2628,-53.9922,1686.764,1.885130547,23.336152114966,13.8076085890972,1.88513052053674,7.00304284073141e-16,TRUE
3598,"103",2024,55.2628,-53.9922,1550.805,2.040037341,21.7634843692306,14.5637004318806,2.04003734292611,3.70989094043228e-18,TRUE
3599,"103",2024,55.2628,-53.9922,1210.627,2.684612343,18.3425403984896,18.3419484046255,2.45655225206593,0.0520114050768578,FALSE
3600,"103",2024,55.2628,-53.9922,1030.277,2.776652972,19.149611339074,19.1453953427997,2.41643652777693,0.129755886688714,FALSE
3601,"103",2024,55.2628,-53.9922,750.761,3.319105581,23.0974324856152,23.0945939640025,2.23800482623876,1.16877884194531,FALSE
3602,"103",2024,55.2628,-53.9922,511.584,3.521501392,22.9251226062657,22.9243822090533,2.2453235792051,1.62862980986999,FALSE
3603,"103",2024,55.2628,-53.9922,370.224,3.343446055,23.5609420267524,23.5606575333684,2.21881249741329,1.26480063885013,FALSE
3604,"103",2024,55.2628,-53.9922,249.088,3.40604857,24.0130413009711,24.0123015170096,2.20030310429676,1.45382212806392,FALSE
3605,"103",2024,55.2628,-53.9922,158.783,3.579468215,22.9255314703578,22.924557511883,2.24529859339519,1.78000857921312,FALSE
3606,"103",2024,55.2628,-53.9922,100.73,3.626493749,22.9266401169374,22.9266113140147,2.24528308687623,1.90774289316437,FALSE
3607,"103",2024,55.2628,-53.9922,80.483,3.699178792,22.9428901753975,22.9425975161336,2.24458877421949,2.11583211982669,FALSE
3608,"103",2024,55.2628,-53.9922,59.882,3.879116263,21.5932996374979,21.5887544884714,2.3028112730586,2.48473742131416,FALSE
3609,"103",2024,55.2628,-53.9922,50.443,4.015609155,17.3968730262127,17.3636729352781,2.5040425055608,2.28483373569684,FALSE
3610,"103",2024,55.2628,-53.9922,39.643,4.120695637,17.4059942221665,17.4059185821349,2.50466364540552,2.61155939785682,FALSE
3611,"103",2024,55.2628,-53.9922,29.856,4.233281872,17.4366088029093,17.4352410237138,2.50301895372275,2.99380976636532,FALSE
3612,"103",2024,55.2628,-53.9922,20.024,4.119725532,17.6221875957829,17.6212299730676,2.49336622344354,2.64504460052825,FALSE
3613,"103",2024,55.2628,-53.9922,9.494,4.169318716,17.3895386049475,17.3734371151142,2.50499398961596,2.76997679485332,FALSE
3614,"107",2024,55.1128,-54.137,996.072,2.804940707,19.1759302323682,19.1728801602207,2.41519287927668,0.151903369215049,FALSE
3615,"107",2024,55.1128,-54.137,861.719,2.967812289,20.6863671651259,20.6860515970595,2.34386907315963,0.389305136593222,FALSE
3616,"107",2024,55.1128,-54.137,791.179,3.216443205,22.999908540282,22.9994798161198,2.2421819205662,0.9491850503466,FALSE
3617,"107",2024,55.1128,-54.137,700.722,3.300411436,23.6870385769164,23.6839981686432,2.21353306421968,1.18130459504383,FALSE
3618,"107",2024,55.1128,-54.137,602.011,3.471294096,22.9399220430167,22.9360219083555,2.24459457563235,1.50479171327023,FALSE
3619,"107",2024,55.1128,-54.137,501.054,3.369310487,23.1711862359954,23.1596816077157,2.23462926198061,1.2875014824115,FALSE
3620,"107",2024,55.1128,-54.137,401.911,3.287950097,23.5960342226784,23.595917852424,2.21737171971087,1.14613806191902,FALSE
3621,"107",2024,55.1128,-54.137,200.054,3.844790369,23.0109745331989,23.0088190829862,2.24165912954913,2.5700297709033,FALSE
3622,"107",2024,55.1128,-54.137,99.728,3.771902491,22.9518597790395,22.9246021664582,2.24331792024469,2.33657078995119,FALSE
3623,"107",2024,55.1128,-54.137,49.322,3.884333275,22.4910778871012,20.4980692910866,2.19631726320191,2.84939805608672,FALSE
3624,"107",2024,55.1128,-54.137,29.438,3.997550325,17.340094114398,17.3362793251429,2.50799470357507,2.21877594931861,FALSE
3625,"107",2024,55.1128,-54.137,2.209,4.478666074,17.4611546267678,17.4611102537118,2.50178002727145,3.90807844175005,FALSE
3626,"111",2024,54.9512,-54.2887,330.466,3.795021121,23.2463208628363,23.2460049410772,2.23186080880885,2.44347016160954,FALSE
3627,"111",2024,54.9512,-54.2887,201.151,3.927494331,19.0157310524318,19.0147905759363,2.42309059296448,2.26323060701524,FALSE
3628,"111",2024,54.9512,-54.2887,100.295,4.323499805,17.4757598275458,17.475108075361,2.50099719940563,3.32151574739825,FALSE
3629,"111",2024,54.9512,-54.2887,50.298,4.595445061,17.4846443951539,17.4687567488197,2.50002794752119,4.39077287945986,FALSE
3630,"111",2024,54.9512,-54.2887,29.88,4.705647192,17.351212142999,17.3495324986801,2.5074819236247,4.83193054709144,FALSE
3631,"111",2024,54.9512,-54.2887,1.82,4.79784212,17.4039339846277,17.4006243861402,2.50466426478128,5.25866467566554,FALSE
3632,"115",2024,54.7702,-54.486,238.402,4.15368284,17.6336266145368,17.6333637207313,2.49279589609334,2.75854544043962,FALSE
3633,"115",2024,54.7702,-54.486,125.72,4.36290796,17.3996351283918,17.3990648405038,2.50498022274365,3.45189547686648,FALSE
3634,"115",2024,54.7702,-54.486,100.764,4.341733522,17.3906129677589,17.3889302226035,2.50541591171892,3.37206236582841,FALSE
3635,"115",2024,54.7702,-54.486,50.263,4.6414952,17.7769489270323,17.2545899228789,2.46796443032498,4.72423600672408,FALSE
3636,"115",2024,54.7702,-54.486,30.741,4.707405294,17.3655683417734,17.3646205989174,2.50675305687744,4.84287026875254,FALSE
3637,"115",2024,54.7702,-54.486,1.722,4.80034752,17.402613378381,17.397238229846,2.50466491039247,5.27015864405446,FALSE
3638,"118",2024,54.4942,-54.7507,194.661,3.814878071,22.722715504429,22.721622886598,2.2538860834457,2.43669598520872,FALSE
3639,"118",2024,54.4942,-54.7507,149.561,4.030117,17.5932075262494,17.5909594846133,2.49482797430749,2.35711239241184,FALSE
3640,"118",2024,54.4942,-54.7507,99.993,4.400872381,17.3009696655737,17.2990661283854,2.51011382016757,3.57496793536113,FALSE
3641,"118",2024,54.4942,-54.7507,49.938,4.452434961,17.3885807239547,17.3856739983893,2.50548179580785,3.79062662745173,FALSE
3642,"118",2024,54.4942,-54.7507,29.368,4.754755171,17.3763680456991,17.3721628130395,2.50607877815302,5.05654551974729,FALSE
3643,"118",2024,54.4942,-54.7507,1.689,4.544424359,17.4502674804987,17.430211960389,2.50168496452438,4.17278423374261,FALSE
3644,"121",2024,54.222,-55.026,162.481,4.429327777,17.488709587619,17.4882471174554,2.50032763451726,3.72104154969841,FALSE
3645,"121",2024,54.222,-55.026,100.459,4.343853848,17.4828441856052,17.4790942934619,2.50052463809702,3.39786257608156,FALSE
3646,"121",2024,54.222,-55.026,50.142,4.552503425,17.5282366449898,17.5206307686477,2.49802993533984,4.22086131971639,FALSE
3647,"121",2024,54.222,-55.026,30.308,4.42830392,17.4360233995978,17.4356170656798,2.50308145420284,3.7064815428101,FALSE
3648,"121",2024,54.222,-55.026,1.465,4.655724155,17.4608861060238,17.4410549698861,2.50113757868316,4.64224331484472,FALSE
3649,"124",2024,53.9883,-55.2473,142.248,4.414331791,17.4144534403809,17.4125342020652,2.50415968911775,3.64875745880927,FALSE
3650,"124",2024,53.9883,-55.2473,50.567,4.555222734,17.5042997186292,17.473945852258,2.49852246382905,4.23001600132126,FALSE
3651,"124",2024,53.9883,-55.2473,30.559,4.826174637,17.3277495191295,17.3277479755749,2.50876939324577,5.37036706377958,FALSE
3652,"124",2024,53.9883,-55.2473,2.212,4.434657081,17.436042504424,17.4186645549526,2.50251745455734,3.73316353606998,FALSE
3653,"127",2024,53.796,-55.4337,195.871,4.286508089,17.4522353207261,17.448894682563,2.50213667684933,3.18398133650057,FALSE
3654,"127",2024,53.796,-55.4337,100.642,4.109167467,17.3918525768289,17.3912246876732,2.50538595130795,2.57211515007548,FALSE
3655,"127",2024,53.796,-55.4337,49.986,4.487115967,17.4183046502048,17.4173207310034,2.50398916236227,3.93279192327264,FALSE
3656,"127",2024,53.796,-55.4337,30.393,4.750522618,17.4161357308067,17.4137552080987,2.50405634575848,5.04661071231869,FALSE
3657,"127",2024,53.796,-55.4337,1.451,4.469416794,17.4714303577261,17.4706562314362,2.50121917511577,3.87380186698156,FALSE
3658,"130",2024,53.6805,-55.5448,148.488,4.403119544,17.535029860159,17.5341935403982,2.49790077174805,3.62985857014123,FALSE
3659,"130",2024,53.6805,-55.5448,124.362,4.386365042,17.4671672326937,17.4665996056818,2.50144863690671,3.55290985418982,FALSE
3660,"130",2024,53.6805,-55.5448,100.5,4.385244198,18.9213071795827,16.4814643962567,2.34467910717419,4.16390588989693,FALSE
3661,"130",2024,53.6805,-55.5448,50.261,4.667473361,17.3266572264825,17.3261182526035,2.50880895382966,4.65983202278408,FALSE
3662,"130",2024,53.6805,-55.5448,1.333,4.273456495,17.7019411839787,17.6998504666169,2.48919730014099,3.18358087443892,FALSE
3663,"9",2025,55.6117,-53.6325,2943.687,2.312480106,20.1059591738199,15.8797674589392,2.31248010547593,2.74652749624633e-19,TRUE
3664,"9",2025,55.6117,-53.6325,2878.547,2.252897607,20.6341325742851,15.4686148374669,2.25289760654417,2.07780215996883e-19,TRUE
3665,"9",2025,55.6117,-53.6325,2805.527,2.0242855,22.8456193119532,14.2555548811136,2.02428547469485,6.4035045795171e-16,TRUE
3666,"9",2025,55.6117,-53.6325,2688.292,1.846525406,24.4832405608227,13.0474783189816,1.84652539884731,5.116103770538e-17,TRUE
3667,"9",2025,55.6117,-53.6325,2556.154,1.544028121,27.5591182386955,11.2536548114354,1.54402812003217,9.36688965871418e-19,TRUE
3668,"9",2025,55.6117,-53.6325,2419.25,1.542273165,27.5780676594128,11.2435881219884,1.54227316403146,9.38061824714284e-19,TRUE
3669,"9",2025,55.6117,-53.6325,2265.977,1.387220476,29.3069487521415,10.3484636201443,1.38722047499335,1.01334441701151e-18,TRUE
3670,"9",2025,55.6117,-53.6325,2107.599,1.503503003,28.0001195823358,11.0210584218101,1.5035030193798,2.68297912223662e-16,TRUE
3671,"9",2025,55.6117,-53.6325,1759.953,1.707862009,25.8471211478386,12.2019122417043,1.70786200745544,2.38567393411443e-18,TRUE
3672,"9",2025,55.6117,-53.6325,1565.617,1.991144774,23.1411297445902,14.0156869665847,1.99114475217432,4.76360372256048e-16,TRUE
3673,"9",2025,55.6117,-53.6325,1380.091,1.779725691,25.1307834421918,12.6325163182576,1.77972568754991,1.19031316743103e-17,TRUE
3674,"9",2025,55.6117,-53.6325,1178.509,2.14402072,21.6240274558066,14.7646179879714,2.14402072056505,3.19284270431758e-19,TRUE
3675,"9",2025,55.6117,-53.6325,987.838,2.289351508,20.3097612144942,15.7175902873462,2.28935150748527,2.64950210557649e-19,TRUE
3676,"9",2025,55.6117,-53.6325,746.092,2.323347235,20.0107236853354,15.9571132927068,2.32334723447588,2.74697436613295e-19,TRUE
3677,"9",2025,55.6117,-53.6325,491.383,3.185537059,22.4562119468005,22.4562006636839,2.35265005202964,0.693700766380052,FALSE
3678,"9",2025,55.6117,-53.6325,352.368,3.351558607,23.4566394485646,23.4565552980906,2.3093690398914,1.08615909379,FALSE
3679,"9",2025,55.6117,-53.6325,222.005,3.35898334,23.2829925510148,23.2825379831883,2.31675658452539,1.08623660982713,FALSE
3680,"9",2025,55.6117,-53.6325,103.14,3.437471295,23.970970967399,23.9709319331588,2.28772015945336,1.3219276736908,FALSE
3681,"9",2025,55.6117,-53.6325,50.397,3.666689136,23.2640471412459,23.2637047012251,2.31757051538708,1.8201210524845,FALSE
3682,"9",2025,55.6117,-53.6325,29.221,3.571117809,24.288779248035,24.2876202847863,2.27450121169876,1.68121460039704,FALSE
3683,"9",2025,55.6117,-53.6325,11.968,3.760174638,22.1958813072996,22.1738165679236,2.36342920872429,1.95089779420259,FALSE
3684,"9",2025,55.6117,-53.6325,6.689,3.656810066,24.2264153885061,24.2253068136621,2.27707784600626,1.90366099888886,FALSE
3685,"11",2025,55.8448,-53.3938,3158.378,2.259861687,20.5719098330886,15.5156683683198,2.25986168652619,2.24492856809096e-19,TRUE
3686,"11",2025,55.8448,-53.3938,3059.621,2.024693531,22.8420109164629,14.2585596220521,2.02469350565699,6.42267993879494e-16,TRUE
3687,"11",2025,55.8448,-53.3938,3059.621,2.01477865,22.9299004934916,14.1859094904289,2.01477862561619,5.94570367381457e-16,TRUE
3688,"11",2025,55.8448,-53.3938,3019.652,1.796788394,24.9637200638778,12.7369910319918,1.79678838979993,1.76405848584286e-17,TRUE
3689,"11",2025,55.8448,-53.3938,2920.325,1.515930094,27.8641197221149,11.0924297141757,1.51593012221329,7.95989791124325e-16,TRUE
3690,"11",2025,55.8448,-53.3938,2691.036,1.553079745,27.4615927358033,11.3055756728037,1.55307974403568,9.29913836380331e-19,TRUE
3691,"11",2025,55.8448,-53.3938,2549.429,1.759822346,25.327114272728,12.5118211550145,1.75982234326828,7.46228181594948e-18,TRUE
3692,"11",2025,55.8448,-53.3938,2415.563,1.71291345,25.7960906694279,12.231749606304,1.71291344837756,2.63229917569541e-18,TRUE
3693,"11",2025,55.8448,-53.3938,2231.262,1.677131094,26.1598008965113,12.0215220201009,1.67713109279565,1.45046308824309e-18,TRUE
3694,"11",2025,55.8448,-53.3938,2007.703,1.348510688,29.7563970539947,10.1218795407363,1.34851068657826,2.02135742301756e-18,TRUE
3695,"11",2025,55.8448,-53.3938,1790.884,1.652168622,26.4166247741359,11.8762090248334,1.65216862094172,1.11994837450745e-18,TRUE
3696,"11",2025,55.8448,-53.3938,1554.609,1.807650507,24.8579636678701,12.8040159216341,1.80765050225457,2.251911477871e-17,TRUE
3697,"11",2025,55.8448,-53.3938,1311.529,2.186072077,21.238145612794,15.0303699354891,2.18607207694853,2.64920037875214e-21,TRUE
3698,"11",2025,55.8448,-53.3938,1091.812,2.412440613,19.242389059935,16.620700199845,2.41244060779447,2.70975588363006e-17,TRUE
3699,"11",2025,55.8448,-53.3938,750.329,3.118986245,21.5512230652275,21.5506586630415,2.39317360246885,0.526803992058054,FALSE
3700,"11",2025,55.8448,-53.3938,552.368,2.830433673,19.2596434889888,19.2588908763109,2.50227832282023,0.10768593385161,FALSE
3701,"11",2025,55.8448,-53.3938,401.065,3.19840825,22.3266835225962,22.326651503798,2.35836910290576,0.705665768650818,FALSE
3702,"11",2025,55.8448,-53.3938,290.734,3.194292346,22.3108284693036,22.3100754832035,2.35904678904279,0.697635140416764,FALSE
3703,"11",2025,55.8448,-53.3938,191.703,3.453292641,24.0244768528272,24.0239877508516,2.28547547498561,1.36379693323788,FALSE
3704,"11",2025,55.8448,-53.3938,101.205,3.339378442,23.4120889712725,23.4053434328226,2.31103939313377,1.05748119942311,FALSE
3705,"11",2025,55.8448,-53.3938,50.3,3.524804442,23.8440772738282,23.8415135910307,2.29294019636514,1.51748951967355,FALSE
3706,"11",2025,55.8448,-53.3938,25.559,3.46333291,23.6890992007309,23.6887978643468,2.29952731265304,1.35444346841611,FALSE
3707,"11",2025,55.8448,-53.3938,4.06,3.557842381,23.5426741439002,23.5263174535573,2.30517334885561,1.56917970409356,FALSE
3708,"12",2025,56.1133,-53.116,3363.428,2.04241179,22.6860322875598,14.3903000072547,2.04241176314817,7.21020636235523e-16,TRUE
3709,"12",2025,56.1133,-53.116,3218.678,1.884633724,24.1215998333947,13.2921860285284,1.88463371377262,1.045992709751e-16,TRUE
3710,"12",2025,56.1133,-53.116,3120.99,1.559614123,27.3914077218843,11.3430599141682,1.55961412203798,9.2549148904361e-19,TRUE
3711,"12",2025,56.1133,-53.116,2999.161,1.368237154,29.5264242923031,10.2375373733759,1.36823714110372,1.66314010334206e-16,TRUE
3712,"12",2025,56.1133,-53.116,2860.892,1.213649445,31.3826500197933,9.32057282388577,1.21364944443965,3.13987381715357e-19,TRUE
3713,"12",2025,56.1133,-53.116,2700.542,1.344014647,29.8090871619889,10.095462554632,1.34401464587032,1.27616966466765e-18,TRUE
3714,"12",2025,56.1133,-53.116,2520.447,1.377170849,29.422915415768,10.2897851365317,1.37717081556155,1.11813001324703e-15,TRUE
3715,"12",2025,56.1133,-53.116,2321.434,1.478670123,28.2739494110013,10.8782329601567,1.47867012737122,1.91075472772664e-17,TRUE
3716,"12",2025,56.1133,-53.116,2063.047,1.485911244,28.1938159188982,10.9199131681274,1.48591125072486,4.52237629541765e-17,TRUE
3717,"12",2025,56.1133,-53.116,1879.006,1.573067433,27.2474815284302,11.4202554270204,1.57306743204163,9.18476557527712e-19,TRUE
3718,"12",2025,56.1133,-53.116,1640.407,2.01369625,22.9395215140713,14.1780237276697,2.01369622572565,5.89244050516492e-16,TRUE
3719,"12",2025,56.1133,-53.116,1400.517,2.200276458,21.1087773458602,15.1217475606872,2.20027645781707,3.34619649015375e-20,TRUE
3720,"12",2025,56.1133,-53.116,1179.19,2.12697353,21.7816769863658,14.6587756025555,2.12697353090861,8.2557469135567e-19,TRUE
3721,"12",2025,56.1133,-53.116,959.048,2.430583215,19.0894025598886,16.7645865442376,2.43058321428869,5.05957035388557e-19,TRUE
3722,"12",2025,56.1133,-53.116,759.913,2.673229481,18.021433331995,18.0213768379797,2.5654961231614,0.0116064763911798,FALSE
3723,"12",2025,56.1133,-53.116,576.011,2.935021091,20.0873978134809,20.0867895086917,2.46174900271657,0.223986469548155,FALSE
3724,"12",2025,56.1133,-53.116,429.915,3.127371561,21.6713204390191,21.6654307378298,2.38753456613114,0.54735877897658,FALSE
3725,"12",2025,56.1133,-53.116,311.158,3.096443608,21.5810977885529,21.5806615933997,2.39181767252019,0.496497708950793,FALSE
3726,"12",2025,56.1133,-53.116,198.612,3.113670198,21.7979341565977,21.7970517625624,2.38197500339123,0.535377857813569,FALSE
3727,"12",2025,56.1133,-53.116,100.956,3.19210648,22.5604090576902,22.5571828598168,2.34796023374522,0.712582885066032,FALSE
3728,"12",2025,56.1133,-53.116,49,3.164988303,22.1453102569887,22.1448708199932,2.36641048618475,0.637726529509415,FALSE
3729,"12",2025,56.1133,-53.116,25.302,3.196619967,22.4485090312474,22.445742068081,2.35289652314666,0.711869249707747,FALSE
3730,"12",2025,56.1133,-53.116,4.019,3.302003182,22.7728960884515,22.772285437271,2.33875949212372,0.927838406086462,FALSE
3731,"20",2025,56.536,-52.6795,3533.079,2.05415281,22.5834370971164,14.4789767918859,2.05415280938799,3.74557325089039e-19,TRUE
3732,"20",2025,56.536,-52.6795,3462.573,2.008163138,22.9887831873329,14.1378498375863,2.00816311429852,5.61760148968356e-16,TRUE
3733,"20",2025,56.536,-52.6795,3462.573,2.062342577,22.5122292166071,14.5414847791313,2.06234257639207,3.69583387703126e-19,TRUE
3734,"20",2025,56.536,-52.6795,3381.428,1.74313071,25.4929793953097,12.4115004836035,1.7431307077503,5.06115800092383e-18,TRUE
3735,"20",2025,56.536,-52.6795,3280.024,1.495162072,28.091785815972,10.9731200701461,1.49516208297422,1.2043360157865e-16,TRUE
3736,"20",2025,56.536,-52.6795,3161.095,1.23772606,31.0852633488673,9.46492223786107,1.23772605908439,8.38348236946543e-19,TRUE
3737,"20",2025,56.536,-52.6795,3029.675,1.200746105,31.5433028821622,9.24300315144474,1.2007461049571,1.84034476822121e-21,TRUE
3738,"20",2025,56.536,-52.6795,2861.747,1.20743497,31.4599122381802,9.28323160054257,1.20743496964556,1.25630097963421e-19,TRUE
3739,"20",2025,56.536,-52.6795,2660.555,1.083514893,33.0430374453322,8.53247441938907,1.08351489208853,8.30773532448644e-19,TRUE
3740,"20",2025,56.536,-52.6795,2209.37,1.215586324,31.3586117197806,9.33220423218954,1.21558632338862,3.73785031928162e-19,TRUE
3741,"20",2025,56.536,-52.6795,1970.559,1.26750628,30.7217058750039,9.6427258620161,1.26750627900952,9.81057510321579e-19,TRUE
3742,"20",2025,56.536,-52.6795,1728.862,1.765638533,25.2695795957662,12.5469661034109,1.76563853007509,8.55507306733297e-18,TRUE
3743,"20",2025,56.536,-52.6795,1501.122,2.199095154,21.119592348064,15.1142857102002,2.19909515381345,3.48015229703731e-20,TRUE
3744,"20",2025,56.536,-52.6795,1279.799,2.162253836,21.4561718581989,14.8789735786343,2.16225383625899,6.70770545014068e-20,TRUE
3745,"20",2025,56.536,-52.6795,1071.208,2.347506854,19.8005374650864,16.1326012581462,2.34750685348108,2.69275680687402e-19,TRUE
3746,"20",2025,56.536,-52.6795,752.169,2.641652665,17.7449961374968,17.7446425003901,2.58003697657764,0.00379649305976187,FALSE
3747,"20",2025,56.536,-52.6795,510.372,2.933732711,20.0747460442022,20.0746201684745,2.46237502994702,0.222178063487645,FALSE
3748,"20",2025,56.536,-52.6795,359.895,3.053708877,21.1236436532507,21.1235812332749,2.41282775759332,0.410728609211955,FALSE
3749,"20",2025,56.536,-52.6795,220.431,3.400063838,24.0020049524908,23.9997832914724,2.28635333740134,1.24035107914371,FALSE
3750,"20",2025,56.536,-52.6795,100.227,3.481884301,23.355922655477,23.3545167007045,2.31361106483397,1.36486235434186,FALSE
3751,"20",2025,56.536,-52.6795,50.905,3.367689416,23.6442517396547,23.6437886251996,2.30141283822038,1.13694574032143,FALSE
3752,"20",2025,56.536,-52.6795,25.955,3.602677568,22.9356480870163,22.933005136112,2.3316248726505,1.61557495435522,FALSE
3753,"20",2025,56.536,-52.6795,2.82,3.472748111,23.9062548051121,23.9058368679709,2.29040987118241,1.39792371333495,FALSE
3754,"25",2025,56.9568,-52.2353,3560.173,2.096900151,22.2148041044625,14.8109451744213,2.09690015040875,3.49576751632087e-19,TRUE
3755,"25",2025,56.9568,-52.2353,3501.78,2.0003492,23.0585779454833,14.0815006162411,2.00034917714134,5.22518370919275e-16,TRUE
3756,"25",2025,56.9568,-52.2353,3501.78,1.937215562,23.6318948025321,13.6412751229338,1.93721554642828,2.42478371166776e-16,TRUE
3757,"25",2025,56.9568,-52.2353,3395.08,1.970845385,23.3244548420729,13.8725956004049,1.97084536553795,3.78771276739854e-16,TRUE
3759,"25",2025,56.9568,-52.2353,3199.772,1.416088785,28.9765718289719,10.5164746071665,1.41608878407039,8.64178777360127e-19,TRUE
3760,"25",2025,56.9568,-52.2353,3030.162,1.200382695,31.5478403867977,9.24081643862358,1.20038269497724,5.17876837577961e-22,TRUE
3761,"25",2025,56.9568,-52.2353,2749.771,1.261608781,30.7933280425129,9.60758210372804,1.26160878001456,9.71093211595228e-19,TRUE
3762,"25",2025,56.9568,-52.2353,2469.083,1.133573019,32.3939184643175,8.83705233023626,1.13357303824166,3.70241412853314e-16,TRUE
3763,"25",2025,56.9568,-52.2353,2249.682,1.281639367,30.5508160102355,9.72680712806805,1.2816393868608,3.94451522352219e-16,TRUE
3764,"25",2025,56.9568,-52.2353,2009.399,1.36258343,29.5921359769867,10.2044301160191,1.36258342341466,4.33666509473178e-17,TRUE
3765,"25",2025,56.9568,-52.2353,1771.579,1.756447704,25.3605584999174,12.4914750841137,1.75644770137426,6.89452723913235e-18,TRUE
3766,"25",2025,56.9568,-52.2353,1529.263,1.943128831,23.5775057859738,13.6814614512652,1.94312881476136,2.63693313284905e-16,TRUE
3767,"25",2025,56.9568,-52.2353,1286.543,2.276108539,20.4271316567654,15.6261742281619,2.27610853849926,2.50744444170202e-19,TRUE
3768,"25",2025,56.9568,-52.2353,1070.898,2.297700387,20.2360092399301,15.7757328671527,2.29770038648014,2.7025642759493e-19,TRUE
3769,"25",2025,56.9568,-52.2353,868.737,2.720402386,18.2449087006724,18.2439437048903,2.55382319446337,0.0277486270529982,FALSE
3770,"25",2025,56.9568,-52.2353,680.079,3.060549999,21.2782438651474,21.2776640131779,2.40567343616311,0.428863312553057,FALSE
3771,"25",2025,56.9568,-52.2353,509.526,3.240894529,22.8477281718319,22.8466891024723,2.33549088113775,0.819755765562275,FALSE
3772,"25",2025,56.9568,-52.2353,360.974,3.254185514,23.0924900601999,23.089695394948,2.32484959137,0.863665257090558,FALSE
3773,"25",2025,56.9568,-52.2353,221.201,3.22016902,22.5716154573813,22.5709138737534,2.34755363275738,0.761457614052594,FALSE
3774,"25",2025,56.9568,-52.2353,97.519,3.526257091,23.5106880179272,23.5101635123645,2.30706036737615,1.48644065089512,FALSE
3775,"25",2025,56.9568,-52.2353,49.839,3.569156833,25.1243153731969,23.5320155881648,2.18666138034085,1.91129367662322,FALSE
3776,"25",2025,56.9568,-52.2353,24.586,3.552779105,23.7833027200704,23.7830071248731,2.29556533704444,1.58058645833701,FALSE
3777,"25",2025,56.9568,-52.2353,3.281,3.541163424,24.4013086091606,24.4012461756872,2.26990590883832,1.61609566985504,FALSE
3778,"28",2025,57.377,-51.79,3580.572,2.29451378,20.2641261933604,15.7534691480034,2.29451377948189,2.68438431598569e-19,TRUE
3779,"28",2025,57.377,-51.79,3501.75,2.249116633,20.6680335219578,15.4433232082346,2.24911663255319,1.99640098868479e-19,TRUE
3780,"28",2025,57.377,-51.79,3501.75,2.2519013,20.6430772331958,15.4619782941799,2.25190129954594,2.06167973794945e-19,TRUE
3781,"28",2025,57.377,-51.79,3400.665,1.971947917,23.314453674688,13.8802974456959,1.97194789740826,3.83836215641463e-16,TRUE
3782,"28",2025,57.377,-51.79,3299.873,1.622081982,26.7295756050607,11.7021661961217,1.62208198102094,9.58565765835862e-19,TRUE
3783,"28",2025,57.377,-51.79,3201.305,1.422624187,28.9023368043414,10.5544021603659,1.42262418613105,7.55082246293788e-19,TRUE
3784,"28",2025,57.377,-51.79,3040.098,1.386415905,29.316214661192,10.3437695523349,1.38641590399298,1.0140897737788e-18,TRUE
3785,"28",2025,57.377,-51.79,2750.589,1.448698811,28.6081711053026,10.7053579367962,1.44869881094404,3.13153563729256e-21,TRUE
3786,"28",2025,57.377,-51.79,2480.312,1.335391491,29.9104333908778,10.0447365596812,1.33539134743355,2.06113264121011e-14,TRUE
3787,"28",2025,57.377,-51.79,2250.379,1.423796423,28.8890430379502,10.561201079312,1.42379642214537,7.30388888455189e-19,TRUE
3788,"28",2025,57.377,-51.79,2010.238,1.431206974,28.8051545827332,10.6041541572201,1.43120697326904,5.34298242053692e-19,TRUE
3789,"28",2025,57.377,-51.79,1769.006,1.827956905,24.661492428534,12.9304632396413,1.8279568990876,3.49564542335234e-17,TRUE
3790,"28",2025,57.377,-51.79,1530.402,2.127480197,21.7769736251861,14.6618893393559,2.12748019791528,8.37733955587647e-19,TRUE
3791,"28",2025,57.377,-51.79,1071.593,2.454963569,18.885726339792,16.9630770019181,2.45496356895389,2.1256615898457e-21,TRUE
3792,"28",2025,57.377,-51.79,870.172,2.644286672,17.7751617182629,17.7746418939017,2.57843540267291,0.00433638967198898,FALSE
3793,"28",2025,57.377,-51.79,681.985,2.855703176,19.5315772264538,19.5312809950723,2.48883134062616,0.13459494359057,FALSE
3794,"28",2025,57.377,-51.79,510.699,3.290975693,23.4396283722512,23.4294708922218,2.30975357473144,0.962796845379442,FALSE
3795,"28",2025,57.377,-51.79,360.161,3.472955778,24.3251231987897,24.3241802301819,2.273010432232,1.43986883283028,FALSE
3796,"28",2025,57.377,-51.79,221.919,3.413798307,23.6246998628331,23.6245724138228,2.30224943829874,1.23554088751104,FALSE
3797,"28",2025,57.377,-51.79,100.677,3.869397468,21.3934761132455,21.3920957016433,2.40035394102176,2.15808888415667,FALSE
3798,"28",2025,57.377,-51.79,50.832,3.773148547,21.8266405660792,21.8237166648307,2.38061094702714,1.93916096733818,FALSE
3799,"28",2025,57.377,-51.79,24.491,3.927920663,19.1364864937061,19.1363682696741,2.50844490089445,2.01491143920513,FALSE
3800,"28",2025,57.377,-51.79,3.601,3.868000789,21.4845564633418,21.4723213771051,2.39581999478041,2.16731629086902,FALSE
3801,"93",2025,60.4503,-55.0112,501.398,3.31063577,23.6996019725688,23.6970047963062,2.2990078933502,1.02339096081499,FALSE
3802,"93",2025,60.4503,-55.0112,501.388,3.236230695,22.6102630654727,22.6090803362631,2.34584325652414,0.792789790595606,FALSE
3803,"93",2025,60.4503,-55.0112,501.486,3.102869587,21.6598437030725,21.6593708973103,2.3882382443279,0.510697955929329,FALSE
3804,"93",2025,60.4503,-55.0112,501.539,3.19038128,22.5318427373483,22.531129597411,2.34929923101785,0.707419013120004,FALSE
3805,"93",2025,60.4503,-55.0112,501.739,3.062058709,21.2254675412968,21.2249493921401,2.40810714841727,0.427652643588594,FALSE
3806,"93",2025,60.4503,-55.0112,501.912,2.999340246,20.584864299367,20.5842046649233,2.43800976415986,0.315091909842886,FALSE
3807,"93",2025,60.4503,-55.0112,501.879,3.055075499,21.136799680233,21.136449864025,2.41220908543345,0.413277225691921,FALSE
3808,"93",2025,60.4503,-55.0112,501.801,3.154029344,21.9872872337813,21.9866396438311,2.37346572774525,0.609279559020686,FALSE
3809,"93",2025,60.4503,-55.0112,502.068,3.008718723,20.7410577644421,20.7278547302599,2.43022549497942,0.334654414865672,FALSE
3810,"93",2025,60.4503,-55.0112,150.885,3.347647753,23.5517008921659,23.5514952341179,2.30533339978288,1.08641921092242,FALSE
3811,"93",2025,60.4503,-55.0112,101.574,3.392740805,23.3044819774404,23.3020565711097,2.31577206830177,1.15986165982538,FALSE
3812,"93",2025,60.4503,-55.0112,50.803,4.067443025,17.0710116166195,17.0684695335938,2.61615342271993,2.10624150968624,FALSE
3813,"93",2025,60.4503,-55.0112,20.628,4.277659886,17.167830174029,17.1530439716474,2.61047854048399,2.77949363883658,FALSE
3814,"93",2025,60.4503,-55.0112,10.821,4.290668424,17.2954107063138,17.2944522369734,2.60404304380142,2.84470517312999,FALSE
3815,"93",2025,60.4503,-55.0112,3.688,4.357606155,17.1092435857162,17.1087215589109,2.61414086375737,3.03967122176776,FALSE
3816,"111",2025,59.0665,-49.9502,3514.224,2.142052388,21.6421928476716,14.7523397028534,2.14205238860515,3.66200794450318e-19,TRUE
3817,"111",2025,59.0665,-49.9502,3453.624,2.19263471,21.178297183108,15.0724446396323,2.19263470988736,1.26887969755657e-20,TRUE
3818,"111",2025,59.0665,-49.9502,3453.624,2.178268173,21.3094103629014,14.980475524381,2.17826817304295,1.84429045636004e-21,TRUE
3819,"111",2025,59.0665,-49.9502,3370.962,1.998625238,23.074012030296,14.0691281120568,1.99862521533189,5.13843334296849e-16,TRUE
3820,"111",2025,59.0665,-49.9502,3270.198,1.636751039,26.5765259061302,11.7868946253813,1.63675103799229,1.01547927382237e-18,TRUE
3821,"111",2025,59.0665,-49.9502,3155.108,1.460797747,28.4727540694885,10.7752199330209,1.46079774800491,1.00983594069358e-18,TRUE
3822,"111",2025,59.0665,-49.9502,3025.675,1.381963953,29.3675435205471,10.3177841368733,1.38196395199147,1.01714291332178e-18,TRUE
3823,"111",2025,59.0665,-49.9502,2862.65,1.24797763,30.9595789410072,9.52622446407473,1.24797762903955,9.22455986738405e-19,TRUE
3824,"111",2025,59.0665,-49.9502,2660.671,1.250004987,30.9347898816127,9.53833597004695,1.25000498603403,9.33099271184112e-19,TRUE
3825,"111",2025,59.0665,-49.9502,2439.953,1.230671358,31.1720799462365,9.42268025002687,1.23067135714023,7.39200691410979e-19,TRUE
3826,"111",2025,59.0665,-49.9502,2212.41,1.605618564,26.9024114133111,11.6073074844237,1.6056185630373,9.26788997926345e-19,TRUE
3827,"111",2025,59.0665,-49.9502,1972.591,1.644235847,26.4987759790565,11.8302175344731,1.64423584597079,1.05927744164149e-18,TRUE
3828,"111",2025,59.0665,-49.9502,1732.929,2.12685066,21.7828092021364,14.6580018374523,2.12685066092583,8.57161335677489e-19,TRUE
3829,"111",2025,59.0665,-49.9502,1502.708,2.255143716,20.6141131594493,15.4839087256678,2.25514371553597,2.15325626488171e-19,TRUE
3830,"111",2025,59.0665,-49.9502,1281.205,2.39216304,19.4147493706175,16.4634682709215,2.39216301371146,6.91087137471582e-16,TRUE
3831,"111",2025,59.0665,-49.9502,1071.043,2.484329781,18.6434578793875,17.210596120428,2.48432979612748,2.28840790272094e-16,TRUE
3832,"111",2025,59.0665,-49.9502,749.29,2.836728195,19.2848880658988,19.2829147014925,2.50098109942801,0.112726112185025,FALSE
3833,"111",2025,59.0665,-49.9502,512.166,3.260320919,22.9159365182586,22.9094351241239,2.33234857545451,0.861132670385312,FALSE
3834,"111",2025,59.0665,-49.9502,361.962,3.342598389,22.8321884184293,22.8297355111337,2.33611831435787,1.01300214065163,FALSE
3835,"111",2025,59.0665,-49.9502,221.726,3.175411971,22.301693717384,22.300826718641,2.35944758313901,0.665797882257357,FALSE
3836,"111",2025,59.0665,-49.9502,99.599,3.437937233,24.2789463591859,24.2750003289172,2.27481360524811,1.35285657343471,FALSE
3837,"111",2025,59.0665,-49.9502,49.919,3.676410073,24.2591193916257,24.2559497669759,2.27565787565431,1.96210671836879,FALSE
3838,"111",2025,59.0665,-49.9502,25.439,3.687532609,24.3798738388774,24.376509741133,2.27067643051274,2.00748143051752,FALSE
3839,"111",2025,59.0665,-49.9502,4.75,3.662683688,24.2991361206749,24.2878996687754,2.27373707070818,1.9291727056864,FALSE
3840,"123",2025,59.75,-49.1663,3257.692,2.205598859,21.0604205920273,15.1561841694604,2.20559885877744,4.95310625727196e-20,TRUE
3841,"123",2025,59.75,-49.1663,3202.895,2.193744357,21.1681675321033,15.079530030805,2.19374435688204,1.39154724788314e-20,TRUE
3842,"123",2025,59.75,-49.1663,3202.895,2.202288653,21.0904948169689,15.1347694393437,2.20228865280043,3.98285945669177e-20,TRUE
3843,"123",2025,59.75,-49.1663,3122.832,2.013560752,22.9407262630402,14.1770371868347,2.01356072773942,5.88575967672614e-16,TRUE
3844,"123",2025,59.75,-49.1663,3021.875,1.556439634,27.4254816959748,11.3248490610599,1.55643963303689,9.27577947821239e-19,TRUE
3845,"123",2025,59.75,-49.1663,2901.865,1.621648544,26.7341114532641,11.6996658897916,1.62164854302155,9.57356122582597e-19,TRUE
3846,"123",2025,59.75,-49.1663,2772.588,1.425895915,28.8652500446287,10.5733750175019,1.42589591417423,6.81897756215018e-19,TRUE
3847,"123",2025,59.75,-49.1663,2622.136,1.27855157,30.5880617537769,9.70845406178386,1.27855159769429,7.66973721672956e-16,TRUE
3848,"123",2025,59.75,-49.1663,2458.97,1.404036995,29.1140044951508,10.4464306611642,1.40403699401529,9.69663584404839e-19,TRUE
3849,"123",2025,59.75,-49.1663,2265.02,1.549874332,27.496088693258,11.2871890250797,1.54987433103447,9.32243658026498e-19,TRUE
3850,"123",2025,59.75,-49.1663,2062.289,1.472557535,28.3417790995744,10.8430244209959,1.47255753789255,8.36682096484587e-18,TRUE
3851,"123",2025,59.75,-49.1663,1852.999,1.595182188,27.0125605618616,11.5472768901144,1.59518218704169,9.18349732335131e-19,TRUE
3852,"123",2025,59.75,-49.1663,1640.306,2.003305511,23.032140845592,14.1027673103058,2.00330548781825,5.37393711555251e-16,TRUE
3853,"123",2025,59.75,-49.1663,1432.713,2.130985347,21.7445130837966,14.6835897579179,2.13098534782793,6.85461011043428e-19,TRUE
3854,"123",2025,59.75,-49.1663,1230.635,2.345230882,19.820261769722,16.1158911717054,2.34523088148036,2.70026534891099e-19,TRUE
3855,"123",2025,59.75,-49.1663,1031.076,2.372148629,19.5862350525582,16.3117428207325,2.37214862849035,2.59743224328312e-19,TRUE
3856,"123",2025,59.75,-49.1663,747.851,2.956020169,20.1695528026411,20.1670416010413,2.45773279605228,0.248290306039143,FALSE
3857,"123",2025,59.75,-49.1663,482.854,3.126743359,21.9281817244795,21.9279981336264,2.3761335590223,0.563415071822556,FALSE
3858,"123",2025,59.75,-49.1663,331.52,3.267510449,22.9272302841513,22.9271240131724,2.33207470483027,0.875040031470383,FALSE
3859,"123",2025,59.75,-49.1663,212.198,3.103944267,21.693069995426,21.6929535452949,2.3867436537121,0.514376719700543,FALSE
3860,"123",2025,59.75,-49.1663,101.487,3.474407301,24.2722997460437,24.258066992533,2.27474372754167,1.43919268948281,FALSE
3861,"123",2025,59.75,-49.1663,50.405,3.81208768,22.5279158743135,22.5224045935863,2.34931001003451,2.13971851174967,FALSE
3862,"123",2025,59.75,-49.1663,25.741,4.001324254,16.9977714430604,16.9717232066556,2.61935713952808,1.90983310548185,FALSE
3863,"123",2025,59.75,-49.1663,4.733,3.978898555,16.9461297347947,16.9455384837615,2.6230388943578,1.83835541935678,FALSE
3864,"127",2025,60.1748,-48.6748,2900.04,1.604936612,26.9095950478048,11.6033827067118,1.60493661103771,9.26007221182414e-19,TRUE
3865,"127",2025,60.1748,-48.6748,2841.461,1.501401368,28.0231871784062,11.008982448953,1.50140138285283,2.20606442567433e-16,TRUE
3866,"127",2025,60.1748,-48.6748,2841.461,1.409674438,29.0496307803254,10.4792117996727,1.40967443703439,9.32408316975866e-19,TRUE
3867,"127",2025,60.1748,-48.6748,2761.933,1.478138569,28.27984117783,10.8751721123532,1.4781385732259,1.78582089180019e-17,TRUE
3868,"127",2025,60.1748,-48.6748,2660.489,1.660803313,26.3274986941156,11.9263668873695,1.6608033119015,1.20669971782813e-18,TRUE
3869,"127",2025,60.1748,-48.6748,2541.033,1.692947589,25.998392318881,12.1141343860572,1.69294758764701,1.83059500266301e-18,TRUE
3870,"127",2025,60.1748,-48.6748,2400.454,1.53853552,27.618469135621,11.2221481713906,1.53853558731258,4.53098276247665e-15,TRUE
3871,"127",2025,60.1748,-48.6748,2241.382,1.449465026,28.5995751308765,10.7097854913216,1.44946502599256,5.53543228314383e-23,TRUE
3872,"127",2025,60.1748,-48.6748,2059.597,1.644677696,26.4941934090227,11.8327771104457,1.64467769496935,1.06224356197091e-18,TRUE
3873,"127",2025,60.1748,-48.6748,1859.524,1.511508301,27.9124327770338,11.0670407567694,1.51150832439731,5.47434160980537e-16,TRUE
3874,"127",2025,60.1748,-48.6748,1660.682,1.549441617,27.5007488624471,11.2847069444536,1.54944161603431,9.32564413362335e-19,TRUE
3875,"127",2025,60.1748,-48.6748,1459.093,1.666356396,26.2703421706447,11.9586817093357,1.66635639487023,1.27638940877316e-18,TRUE
3876,"127",2025,60.1748,-48.6748,1260.883,2.011653554,22.9576922018547,14.1631658147232,2.01165352993461,5.79143215617673e-16,TRUE
3877,"127",2025,60.1748,-48.6748,1059.918,2.131273448,21.7418418146757,14.6853652577214,2.13127344882919,6.87559084823593e-19,TRUE
3878,"127",2025,60.1748,-48.6748,750.559,2.678818297,18.0708036047908,18.0701767932897,2.56289562228226,0.0134380665137157,FALSE
3879,"127",2025,60.1748,-48.6748,557.736,3.323821037,23.6195804435596,22.3208613493616,2.25827477353468,1.1353888395849,FALSE
3880,"127",2025,60.1748,-48.6748,430.925,3.379338584,23.5501697146083,23.5485977648847,2.30535236283622,1.15344640324966,FALSE
3881,"127",2025,60.1748,-48.6748,310.288,3.075754829,21.4163705379448,21.4156823880469,2.39932857978508,0.45755247062696,FALSE
3882,"127",2025,60.1748,-48.6748,201.105,3.335993796,23.4982877512213,23.4976610314362,2.3075828241074,1.05762912710907,FALSE
3883,"127",2025,60.1748,-48.6748,98.258,3.474289618,24.326304443645,24.3256598606365,2.27297175400333,1.44316461035751,FALSE
3884,"127",2025,60.1748,-48.6748,49.778,4.05733978,17.0200138399976,17.0172033223192,2.61892498395692,2.06903712547566,FALSE
3885,"127",2025,60.1748,-48.6748,30.908,4.219253902,17.1060262448501,17.0968752387337,2.61402516924908,2.57675928444911,FALSE
3886,"127",2025,60.1748,-48.6748,20.887,4.259285597,17.2634183835725,17.2607235337778,2.6057116272706,2.73430687336666,FALSE
3887,"127",2025,60.1748,-48.6748,2.985,4.251988321,17.2879047617392,17.2850625465436,2.60438455140583,2.71459818158092,FALSE
3888,"129",2025,59.4838,-49.475,3437.03,2.270700753,20.4752350679138,15.58921565306,2.27070075250684,2.43209152582535e-19,TRUE
3889,"129",2025,59.4838,-49.475,3351.101,1.979258061,23.2482702107575,13.9315633006872,1.97925804055024,4.18192570395002e-16,TRUE
3890,"129",2025,59.4838,-49.475,3351.101,2.085606185,22.3114896962742,14.7219016083075,2.08560618440339,3.5594810918325e-19,TRUE
3891,"129",2025,59.4838,-49.475,3303.012,1.940852485,23.5984266041183,13.6659677683322,1.94085246901931,2.5538257686434e-16,TRUE
3892,"129",2025,59.4838,-49.475,3200.259,1.70575746,25.8684121174088,12.1894978142922,1.70575745848585,2.29264391806208e-18,TRUE
3893,"129",2025,59.4838,-49.475,3082.209,1.35222751,29.7129161459738,10.1437022925832,1.35222750804587,3.8186065794104e-18,TRUE
3894,"129",2025,59.4838,-49.475,2951.259,1.32386784,30.0464585618046,9.97682947512833,1.3238678585698,3.44837403095186e-16,TRUE
3895,"129",2025,59.4838,-49.475,2791.302,1.187969035,31.7032591873903,9.16605544679332,1.18796903592515,8.55895457856179e-19,TRUE
3896,"129",2025,59.4838,-49.475,2610.664,1.437893306,28.7296872235134,10.6428692781021,1.43789330544696,3.05853060367301e-19,TRUE
3897,"129",2025,59.4838,-49.475,2411.977,1.35951797,29.6278319425839,10.1864655768321,1.3595179654831,2.04024173898511e-17,TRUE
3898,"129",2025,59.4838,-49.475,2201.182,1.748536487,25.4391402522226,12.443905166469,1.74853648460559,5.73318863204401e-18,TRUE
3899,"129",2025,59.4838,-49.475,1960.486,1.691538289,26.0127330016686,12.1058633285936,1.69153828766237,1.78924631263907e-18,TRUE
3900,"129",2025,59.4838,-49.475,1731.631,1.894233281,24.0313901999483,13.3548719670185,1.8942332698871,1.23496544934372e-16,TRUE
3901,"129",2025,59.4838,-49.475,1498.947,2.20420605,21.0730939655442,15.1472191322616,2.20420604978347,4.68855844451928e-20,TRUE
3902,"129",2025,59.4838,-49.475,1280.495,2.467419905,18.78254429171,17.0669013503056,2.46741990765411,7.04429658359688e-18,TRUE
3903,"129",2025,59.4838,-49.475,1069.839,2.543880219,17.9760647861249,17.2692348516516,2.54388021844911,3.03482728151382e-19,TRUE
3904,"129",2025,59.4838,-49.475,749.769,3.081394323,21.4235972327146,21.422640760566,2.39898864816479,0.465677505047293,FALSE
3905,"129",2025,59.4838,-49.475,510.82,2.99704799,20.6422637347249,20.6376530202863,2.43516629054405,0.315711044183505,FALSE
3906,"129",2025,59.4838,-49.475,360.36,3.167571309,22.184333429393,22.1838123610236,2.36467008259241,0.64465037936681,FALSE
3907,"129",2025,59.4838,-49.475,220.884,3.186587406,22.4750461028657,22.471701496629,2.35170825026886,0.69702320467434,FALSE
3908,"129",2025,59.4838,-49.475,100.451,3.505570257,24.1256752936357,24.1255447012644,2.28128204136414,1.49888163494483,FALSE
3909,"129",2025,59.4838,-49.475,51.267,3.411552262,23.5071652962437,23.5063270409051,2.30719920597664,1.21959567234813,FALSE
3910,"129",2025,59.4838,-49.475,25.688,3.775385594,22.1354905644956,22.1291539365161,2.3666490940544,1.98453852627897,FALSE
3911,"129",2025,59.4838,-49.475,4.365,3.662122858,24.4808455203061,24.4764430214479,2.26649800961006,1.94776871744345,FALSE
3912,"131",2025,58.6405,-50.4177,3567.422,2.215616294,20.9696636224531,15.2214841980156,2.21561629370478,8.71547589880908e-20,TRUE
3913,"131",2025,58.6405,-50.4177,3499.355,2.126633474,21.7848186168527,14.6566520329934,2.12663347493871,8.81178128996381e-19,TRUE
3914,"131",2025,58.6405,-50.4177,3499.355,2.117947844,21.8654105701715,14.6031147060505,2.1179478451276,1.27149130449673e-18,TRUE
3915,"131",2025,58.6405,-50.4177,3430.58,1.970917267,23.323802641193,13.8730975012459,1.9709172475295,3.79100486592981e-16,TRUE
3916,"131",2025,58.6405,-50.4177,3318.817,1.863574551,24.3207516707051,13.1561679609637,1.86357454255979,7.12372212665636e-17,TRUE
3917,"131",2025,58.6405,-50.4177,3199.941,1.600824973,26.9529479886446,11.5797259807794,1.60082497203978,9.22014587646288e-19,TRUE
3918,"131",2025,58.6405,-50.4177,3059.804,1.573258092,27.2454473551181,11.4213497384986,1.57325809104167,9.18404206512785e-19,TRUE
3919,"131",2025,58.6405,-50.4177,2899.316,1.38793853,29.2986819090321,10.3526523855529,1.38793852899371,1.01261810322962e-18,TRUE
3920,"131",2025,58.6405,-50.4177,2710.78,1.31796144,30.1164439194923,9.94196980593485,1.31796143900423,9.91555946755171e-19,TRUE
3921,"131",2025,58.6405,-50.4177,2499.767,1.455828293,28.5282925666774,10.7465382635177,1.45582829348547,2.35678208024178e-19,TRUE
3922,"131",2025,58.6405,-50.4177,2266.525,1.573609578,27.241697695276,11.4233671638028,1.57360957704173,9.18273981867311e-19,TRUE
3923,"131",2025,58.6405,-50.4177,2020.531,1.937915004,23.6254542011984,13.6460180841449,1.93791498834994,2.44924340582414e-16,TRUE
3924,"131",2025,58.6405,-50.4177,1768.881,2.151856484,21.5517889444436,14.8136022620869,2.15185648442878,1.83848965984034e-19,TRUE
3925,"131",2025,58.6405,-50.4177,1529.932,2.367067007,19.6299843214512,16.2737396110726,2.36706700648841,2.61724661306922e-19,TRUE
3926,"131",2025,58.6405,-50.4177,1287.661,2.424906026,19.1371476618654,16.7192231033915,2.42490602469514,1.70267062396661e-18,TRUE
3927,"131",2025,58.6405,-50.4177,1070.312,2.792463641,18.90090824388,18.9001662117588,2.52026298761847,0.0740931957013299,FALSE
3928,"131",2025,58.6405,-50.4177,751.478,2.95831347,20.3140852752183,20.3105618210129,2.45077682951896,0.257593441430782,FALSE
3929,"131",2025,58.6405,-50.4177,507.744,3.790602051,22.3945770092421,22.3896099658148,2.35520121607425,2.06037555690555,FALSE
3930,"131",2025,58.6405,-50.4177,362.136,3.494114382,24.3395308770824,24.3381035721293,2.27240092112307,1.49258378048789,FALSE
3931,"131",2025,58.6405,-50.4177,219.76,3.289174287,23.4387621164618,23.4371362155027,2.31007697338056,0.958631549536801,FALSE
3932,"131",2025,58.6405,-50.4177,98.775,3.520435516,23.4685558360421,23.4682731974246,2.30885624610483,1.4679243272397,FALSE
3933,"131",2025,58.6405,-50.4177,50.773,3.583141898,24.2743090037392,24.273096054286,2.27509636532472,1.71098311555176,FALSE
3934,"131",2025,58.6405,-50.4177,24.519,3.634651287,22.9383201469295,22.9348315555962,2.33148074547321,1.69825346030323,FALSE
3935,"131",2025,58.6405,-50.4177,4.08,3.597287537,22.9337381879571,22.9332702110837,2.33178075838139,1.60150740672966,FALSE
3936,"134",2025,58.2162,-50.8845,3599.589,2.054509926,22.5803260194934,14.4816913004168,2.05450992538817,3.74338296449207e-19,TRUE
3937,"134",2025,58.2162,-50.8845,3520.598,1.909967334,23.8843096336409,13.4585941179181,1.90996732134384,1.60178265330793e-16,TRUE
3938,"134",2025,58.2162,-50.8845,3520.598,1.877327168,24.1905014446119,13.2447651699704,1.87732715841713,9.18313516412696e-17,TRUE
3939,"134",2025,58.2162,-50.8845,3431.453,1.434066502,28.7728538413399,10.6207159552661,1.43406650133589,4.41037506475043e-19,TRUE
3940,"134",2025,58.2162,-50.8845,3321.518,1.225540741,31.2353853584555,9.39193090717535,1.22554074020057,6.3908489893998e-19,TRUE
3941,"134",2025,58.2162,-50.8845,3201.191,1.242841388,31.0224792698396,9.49552306257803,1.24284138705791,8.87534332486955e-19,TRUE
3942,"134",2025,58.2162,-50.8845,3060.527,1.174626011,31.8712282105893,9.08555915083505,1.17462601373262,7.46718971883875e-18,TRUE
3943,"134",2025,58.2162,-50.8845,2900.609,1.072416726,33.1886493190586,8.46473255393953,1.07241672509507,8.18903765997588e-19,TRUE
3944,"134",2025,58.2162,-50.8845,2711.063,1.132182102,32.4117820298575,8.82861162806426,1.13218212227341,4.11010957464794e-16,TRUE
3945,"134",2025,58.2162,-50.8845,2501.241,1.242154635,31.0309001658472,9.49141619165575,1.24215463406093,8.81855675175239e-19,TRUE
3946,"134",2025,58.2162,-50.8845,2271.36,1.266754311,30.7308278977729,9.63824669440677,1.26675431001005,9.80001683430225e-19,TRUE
3947,"134",2025,58.2162,-50.8845,2021.462,1.383882055,29.3454167594431,10.3289822457828,1.38388205399202,1.01602710372272e-18,TRUE
3948,"134",2025,58.2162,-50.8845,1769.97,1.976230647,23.275652399627,13.910289635109,1.97623062690501,4.03808583156296e-16,TRUE
3949,"134",2025,58.2162,-50.8845,1530.305,2.19097531,21.1934054785639,15.0617555685829,2.1909753099057,8.89276451568785e-21,TRUE
3950,"134",2025,58.2162,-50.8845,1289.484,2.303458334,20.1853042628881,15.8161824374495,2.30345833347765,2.72854332336313e-19,TRUE
3951,"134",2025,58.2162,-50.8845,1070.997,2.469613871,18.7644338530683,17.0853638680244,2.46961387454794,1.25878825577041e-17,TRUE
3952,"134",2025,58.2162,-50.8845,751.08,2.957060649,20.3215146315002,20.319135227765,2.45046082135226,0.256643385372719,FALSE
3953,"134",2025,58.2162,-50.8845,507.438,3.217589156,22.530053452271,22.5287768084518,2.34935884423474,0.753823874267997,FALSE
3954,"134",2025,58.2162,-50.8845,361.643,3.075646733,21.3119155534125,21.3110005915194,2.40411323914908,0.450957233363621,FALSE
3955,"134",2025,58.2162,-50.8845,221.446,3.573821789,24.5739278465843,24.5736647485435,2.26282927921435,1.71870136071407,FALSE
3956,"134",2025,58.2162,-50.8845,101.333,3.548734406,24.0952122707094,24.093443959172,2.28249156018343,1.60337094458166,FALSE
3957,"134",2025,58.2162,-50.8845,51.865,3.61133479,22.9372730699232,22.9329928288291,2.33149942153246,1.63797857038044,FALSE
3958,"134",2025,58.2162,-50.8845,25.731,3.661002622,23.3816884933873,23.3780178501285,2.31243693213059,1.81862941989296,FALSE
3959,"134",2025,58.2162,-50.8845,4.223,3.62707944,22.9165276862128,22.9163982727797,2.33253746046211,1.67583893678588,FALSE
3960,"136",2025,57.8,-51.3405,3671.9,2.221105733,20.9199866537991,15.2573456341108,2.22110573267605,1.04941718009718e-19,TRUE
3961,"136",2025,57.8,-51.3405,3590.639,1.937343334,23.6307181061929,13.6421413443655,1.93734331841398,2.4292392347827e-16,TRUE
3962,"136",2025,57.8,-51.3405,3590.639,2.248940318,20.6695955253785,15.4421000914787,2.24894031755439,1.9857123454261e-19,TRUE
3963,"136",2025,57.8,-51.3405,3491.404,2.047701403,22.6397358176636,14.4301141848688,2.04770137574301,7.42943721654096e-16,TRUE
3964,"136",2025,57.8,-51.3405,3379.694,1.692988657,25.9979745422278,12.1143754684543,1.69298865564655,1.8318245489806e-18,TRUE
3965,"136",2025,57.8,-51.3405,3249.911,1.475000057,28.314654727846,10.8570961287057,1.4750000604348,1.17978174820157e-17,TRUE
3966,"136",2025,57.8,-51.3405,3106.541,1.33912067,29.8665575997751,10.0666835536388,1.33912066897172,1.05736184764235e-18,TRUE
3967,"136",2025,57.8,-51.3405,2941.172,1.274943709,30.6316443747276,9.68699784381525,1.27494374862218,1.56991690014033e-15,TRUE
3968,"136",2025,57.8,-51.3405,2740.89,1.186477221,31.7219919352836,9.15706258900156,1.18647722207986,1.16610189069931e-18,TRUE
3969,"136",2025,57.8,-51.3405,2519.657,1.307451702,30.2414208727282,9.87985191904383,1.30745170135685,4.13643321921401e-19,TRUE
3970,"136",2025,57.8,-51.3405,2290.48,1.319622845,30.0967375791782,9.95178011461208,1.3196230196684,3.05090497139559e-14,TRUE
3971,"136",2025,57.8,-51.3405,2041.614,1.547418434,27.5225484368644,11.273101872143,1.54741843303352,9.34084033397542e-19,TRUE
3972,"136",2025,57.8,-51.3405,1790.918,1.868469665,24.2743063130106,13.1876063769399,1.86846965616369,7.80804198442315e-17,TRUE
3973,"136",2025,57.8,-51.3405,1548.49,2.267445844,20.5042379420527,15.5670750432431,2.26744584351188,2.38261340306131e-19,TRUE
3974,"136",2025,57.8,-51.3405,1301.309,2.485015245,18.6378442196494,17.2164894850467,2.48501526098983,2.55674532561133e-16,TRUE
3975,"136",2025,57.8,-51.3405,1069.842,2.515873258,18.2248087397885,17.0799421057996,2.51587325747844,2.72023577843071e-19,TRUE
3976,"136",2025,57.8,-51.3405,750.312,2.895485876,19.8382677572071,19.8379213133721,2.47381905594546,0.177802907134905,FALSE
3977,"136",2025,57.8,-51.3405,508.863,3.425810413,23.6560102121498,23.6527821238726,2.30082398555293,1.26559446194013,FALSE
3978,"136",2025,57.8,-51.3405,359.48,3.191007652,22.5415499885198,22.5408615075588,2.34887368760531,0.709189613987112,FALSE
3979,"136",2025,57.8,-51.3405,221.03,3.557301551,24.3136034253517,24.3130254784934,2.27349724641413,1.64815349247321,FALSE
3980,"136",2025,57.8,-51.3405,98.978,3.734699697,24.8619342447661,23.0027058497511,2.18790443197962,2.39257559188947,FALSE
3981,"136",2025,57.8,-51.3405,25.636,3.827839135,22.3761137663774,22.3737434412055,2.35610427314394,2.16600350360248,FALSE
3982,"136",2025,57.8,-51.3405,4.414,3.869558137,21.3563675432495,21.3548281480917,2.40205038835018,2.15357899234726,FALSE
3983,"139",2025,55.4197,-53.828,2703.427,1.766365968,25.2623931493225,12.5513688124969,1.76636596504998,8.70262589655254e-18,TRUE
3984,"139",2025,55.4197,-53.828,2591.878,1.657060448,26.3660944310985,11.9046120658237,1.65706044692013,1.1661297050582e-18,TRUE
3985,"139",2025,55.4197,-53.828,2591.878,1.701109496,25.9154974850224,12.16211366406,1.70110949454897,2.10549890768089e-18,TRUE
3986,"139",2025,55.4197,-53.828,2511.242,1.628502113,26.6624814286017,11.7392218669981,1.62850211201035,9.79412672763669e-19,TRUE
3987,"139",2025,55.4197,-53.828,2412.293,1.691537322,26.0127428441483,12.1058576541957,1.69153732066238,1.78921839353675e-18,TRUE
3988,"139",2025,55.4197,-53.828,2291.563,1.567573974,27.3061585187276,11.388729162042,1.56757397304035,9.20919009978041e-19,TRUE
3989,"139",2025,55.4197,-53.828,2153.162,1.52852733,27.7269517948788,11.1647299666936,1.52852737656026,2.16785792320673e-15,TRUE
3990,"139",2025,55.4197,-53.828,1987.513,1.469656336,28.3740324544656,10.8263052737772,1.46965633832342,5.39827797237111e-18,TRUE
3991,"139",2025,55.4197,-53.828,1809.624,1.586279147,27.1068877656978,11.4961148821955,1.58627914604288,9.16070076450868e-19,TRUE
3992,"139",2025,55.4197,-53.828,1612.044,1.812558461,24.8103300709963,12.8344380260035,1.81255845599032,2.50969026431043e-17,TRUE
3993,"139",2025,55.4197,-53.828,1408.429,1.995985101,23.0976730771,14.0502215812716,1.99598507862649,5.00574046107931e-16,TRUE
3994,"139",2025,55.4197,-53.828,1209.672,2.175428583,21.3354025659467,14.9624365381132,2.17542858307205,5.19067926746955e-21,TRUE
3995,"139",2025,55.4197,-53.828,1030.302,2.316566635,20.0701067300113,15.908764542359,2.31656663447567,2.74925583079639e-19,TRUE
3996,"139",2025,55.4197,-53.828,870.228,2.541137194,18.0003507960924,17.2505093327395,2.54113719345264,2.99598037099397e-19,TRUE
3997,"139",2025,55.4197,-53.828,752.15,2.640641119,17.7397874993577,17.7396789138848,2.5803210230837,0.00363851397135112,FALSE
3998,"139",2025,55.4197,-53.828,509.767,3.107793,21.7491570209143,21.7483640695849,2.38418179505695,0.523613175919128,FALSE
3999,"139",2025,55.4197,-53.828,370.176,3.052045711,21.184434787211,21.1841996283181,2.41001062663981,0.412209049549392,FALSE
4000,"139",2025,55.4197,-53.828,246.722,3.228880273,22.9275297754794,22.9273512476328,2.33205930427235,0.804287849949606,FALSE
4001,"139",2025,55.4197,-53.828,149.754,3.440870507,23.5780868838694,23.5745535576319,2.30410510557691,1.29223557787259,FALSE
4002,"139",2025,55.4197,-53.828,101.25,3.426054661,23.9321274481166,23.9293400153449,2.2892493443747,1.29232632790755,FALSE
4003,"139",2025,55.4197,-53.828,49.604,3.709162553,24.2567528571465,24.2565613808685,2.27585520895597,2.05436994249055,FALSE
4004,"139",2025,55.4197,-53.828,28.603,3.834361132,21.6977238486988,21.6850408743078,2.38610810022971,2.09743684403184,FALSE
4005,"139",2025,55.4197,-53.828,9.083,3.866337212,21.5648072594161,21.5644417793658,2.39256161832358,2.17201450051628,FALSE
4006,"140",2025,55.2632,-53.9935,2094.798,1.423115157,28.896768152744,10.5572499134607,1.4231151561369,7.44943588414846e-19,TRUE
4007,"140",2025,55.2632,-53.9935,1969.75,1.562751698,27.3577723228479,11.3610602930777,1.56275169703898,9.23564854565971e-19,TRUE
4008,"140",2025,55.2632,-53.9935,1969.75,1.580450358,27.1688243902525,11.4626390267189,1.5804503570427,9.16422897488399e-19,TRUE
4009,"140",2025,55.2632,-53.9935,1900.424,1.509542258,27.9339417270692,11.0557500476817,1.50954227948309,4.61523231138287e-16,TRUE
4010,"140",2025,55.2632,-53.9935,1810.856,1.567465028,27.3073234958127,11.3881040084611,1.56746502704033,9.20974412664504e-19,TRUE
4011,"140",2025,55.2632,-53.9935,1687.516,1.673715924,26.1947869043102,12.0015832850533,1.67371592282141,1.38907151735026e-18,TRUE
4012,"140",2025,55.2632,-53.9935,1549.62,1.89299803,24.0429780942796,13.3467808345242,1.89299801900348,1.20923469815921e-16,TRUE
4013,"140",2025,55.2632,-53.9935,1389.642,2.100188353,22.1867429733842,14.8370394798912,2.1001883524103,3.4775166798555e-19,TRUE
4014,"140",2025,55.2632,-53.9935,1210.013,2.226875524,20.867934804294,15.2953708463174,2.22687552364225,1.27988118169975e-19,TRUE
4015,"140",2025,55.2632,-53.9935,1028.558,2.476479421,18.7078852010929,17.1434850171401,2.47647942853991,5.68502231650672e-17,TRUE
4016,"140",2025,55.2632,-53.9935,750.869,3.378706279,24.0045755387473,23.9959907450614,2.28603308722227,1.19393470402973,FALSE
4017,"140",2025,55.2632,-53.9935,508.56,3.104116628,21.6917583052641,21.6915493274899,2.38679996975873,0.514543188190419,FALSE
4018,"140",2025,55.2632,-53.9935,369.027,3.071125244,21.3804779195709,21.3798525760111,2.40097530786419,0.449100936902824,FALSE
4019,"140",2025,55.2632,-53.9935,250.248,3.274747366,22.9454221929432,22.9407270311029,2.33113276724348,0.890408510986431,FALSE
4020,"140",2025,55.2632,-53.9935,161.172,2.618237274,17.5510525780252,17.5510515572822,2.59035792643128,0.000777258020857495,FALSE
4021,"140",2025,55.2632,-53.9935,99.823,3.501024461,24.0350924364244,24.0183324908927,2.2844886216757,1.47995944836047,FALSE
4022,"140",2025,55.2632,-53.9935,81.32,3.67620919,24.1471513276958,24.1465847158828,2.28037691646397,1.94834773584477,FALSE
4023,"140",2025,55.2632,-53.9935,59.941,3.698181227,24.3743340646734,24.3742594261305,2.27101416700447,2.0368058171363,FALSE
4024,"140",2025,55.2632,-53.9935,50.711,3.764668149,22.7139362609632,22.7125920798234,2.34130499742995,2.02596266124743,FALSE
4025,"140",2025,55.2632,-53.9935,40.736,3.724878235,23.7143704447499,23.714146089607,2.29846568794798,2.03465275438744,FALSE
4026,"140",2025,55.2632,-53.9935,30.463,3.575838222,23.7026399756537,23.6960624630249,2.29874642501365,1.63096345792981,FALSE
4027,"140",2025,55.2632,-53.9935,20.468,3.779983633,21.8272904965462,21.8266385172683,2.38065838713728,1.95811114370876,FALSE
4028,"140",2025,55.2632,-53.9935,11.624,3.870712674,21.2998181805366,21.2956028816467,2.40455786104266,2.14960993555798,FALSE
4029,"140",2025,55.2632,-53.9935,5.182,3.686938974,24.1179492835973,24.1172892688916,2.28158485323171,1.97502020476042,FALSE
4030,"148",2025,56.5715,-52.6897,3529.895,2.149305239,21.5752985827258,14.7976413692309,2.14930523946706,2.18147689833628e-19,TRUE
4031,"148",2025,56.5715,-52.6897,3200.886,1.459911832,28.4826466893471,10.7701080904462,1.45991183290227,8.14082804263614e-19,TRUE
4032,"148",2025,56.5715,-52.6897,3200.886,1.388360799,29.2938215744112,10.3551154524077,1.38836079799394,1.01216322823595e-18,TRUE
4033,"148",2025,56.5715,-52.6897,3121.372,1.293476835,30.4084946909217,9.79707720464361,1.2934768388263,1.4640569558827e-17,TRUE
4034,"148",2025,56.5715,-52.6897,3021.339,1.265576561,30.745121031855,9.63123021477249,1.26557656001094,9.78236500300083e-19,TRUE
4035,"148",2025,56.5715,-52.6897,2901.489,1.104604364,32.768016532511,8.66099050315324,1.10460441553106,2.6554503824007e-15,TRUE
4036,"148",2025,56.5715,-52.6897,2770.93,1.219561209,31.3093428457179,9.35606408899816,1.21956120830004,4.89941640683309e-19,TRUE
4037,"148",2025,56.5715,-52.6897,2620.335,1.217216777,31.3383919678542,9.34199294928998,1.21721677634981,4.22750662215216e-19,TRUE
4038,"148",2025,56.5715,-52.6897,2461.401,1.235212331,31.1161673275653,9.44987580404454,1.23521233010131,8.07641341816051e-19,TRUE
4039,"148",2025,56.5715,-52.6897,2261.333,1.176803736,31.8437492944888,9.09870656499498,1.17680373836491,5.59277956927258e-18,TRUE
4040,"148",2025,56.5715,-52.6897,2060.338,1.332249547,29.9474524991607,10.0262356973203,1.33224951733066,8.80269754899065e-16,TRUE
4041,"148",2025,56.5715,-52.6897,1849.824,1.563824675,27.3462794533892,11.3672163564204,1.5638246740393,9.22940581154161e-19,TRUE
4042,"148",2025,56.5715,-52.6897,1641.626,1.781430475,25.1140400412089,12.6429116715807,1.78143047148069,1.23855503707703e-17,TRUE
4043,"148",2025,56.5715,-52.6897,1431.014,2.065436693,22.4854014642724,14.5652390668995,2.06543669239359,3.67728281099164e-19,TRUE
4044,"148",2025,56.5715,-52.6897,1232.129,2.147878267,21.5884538867351,14.7887222876347,2.14787826748948,2.39592855956774e-19,TRUE
4045,"148",2025,56.5715,-52.6897,1031.553,2.415166127,19.2193311554824,16.6421171543091,2.41516612305482,1.55644782089434e-17,TRUE
4046,"148",2025,56.5715,-52.6897,750.387,2.734494704,18.5160675013479,18.5158745675719,2.53986541913633,0.0378805585265451,FALSE
4047,"148",2025,56.5715,-52.6897,480.179,3.161727774,22.0990899412529,22.0959288631698,2.36837999229834,0.629400702730938,FALSE
4048,"148",2025,56.5715,-52.6897,331.437,3.35145706,23.5694347726025,23.536756252643,2.30349245760486,1.09822980787321,FALSE
4049,"148",2025,56.5715,-52.6897,100.955,3.656092405,24.4080714919194,24.4064620729834,2.26957641082544,1.92242660210186,FALSE
4050,"148",2025,56.5715,-52.6897,50.45,3.794243189,21.7169697909984,21.7096939418469,2.38541916247989,1.98478513770034,FALSE
4051,"148",2025,56.5715,-52.6897,24.683,3.858808828,21.9906631017002,21.9905588524657,2.37333276816978,2.20663912432873,FALSE
4052,"148",2025,56.5715,-52.6897,5.18,3.784190597,22.0834799560053,22.0802212604171,2.36907367789532,2.00255589473632,FALSE
4053,"163",2025,56.5718,-52.6893,3527.985,2.071129032,22.4361509196321,14.6091369296548,2.07112903139639,3.6434991850108e-19,TRUE
4054,"163",2025,56.5718,-52.6893,3204.241,1.489537193,28.1537784490731,10.9407733645572,1.4895372012033,6.72941315340513e-17,TRUE
4055,"163",2025,56.5718,-52.6893,3121.938,1.431892838,28.7974036596424,10.6081271725112,1.43189283728395,5.12724577408036e-19,TRUE
4056,"163",2025,56.5718,-52.6893,3022.043,1.245183749,30.9937763985455,9.50952737048581,1.24518374804868,9.05016756483223e-19,TRUE
4057,"163",2025,56.5718,-52.6893,2899.923,1.185425582,31.7352045111876,9.15072209337399,1.18542558319521,1.42853739484052e-18,TRUE
4058,"163",2025,56.5718,-52.6893,2770.291,1.191799854,31.6552097762851,9.18913991811416,1.19179985457225,3.27467041723346e-19,TRUE
4059,"163",2025,56.5718,-52.6893,2622.054,1.14201199,32.2857519643573,8.88823510631248,1.14201200382931,1.91249935677004e-16,TRUE
4060,"163",2025,56.5718,-52.6893,2463.679,1.1534638,32.13956250211,8.9576106560445,1.15346380845379,7.1466627332042e-17,TRUE
4061,"163",2025,56.5718,-52.6893,2261.291,1.231346899,31.1637550921977,9.42672720280524,1.23134689813367,7.50521334300849e-19,TRUE
4062,"163",2025,56.5718,-52.6893,2062.525,1.23424177,31.1281085087653,9.44406476474156,1.23424176910867,7.94477300906833e-19,TRUE
4063,"163",2025,56.5718,-52.6893,1851.281,1.496075294,28.0817344341155,10.9783702275116,1.49607530548532,1.31912469043468e-16,TRUE
4064,"163",2025,56.5718,-52.6893,1640.252,1.797666227,24.9551560617468,12.7423924450773,1.79766622275785,1.79958212513495e-17,TRUE
4065,"163",2025,56.5718,-52.6893,1302.582,2.065160193,22.4877972263266,14.5631132359532,2.06516019239346,3.67893648890346e-19,TRUE
4066,"163",2025,56.5718,-52.6893,1102.538,2.102721645,22.1651506049442,14.8571939327443,2.10272164441148,3.46353581244865e-19,TRUE
4067,"163",2025,56.5718,-52.6893,899.926,2.244409168,20.710183647293,15.4116822169025,2.24440916757036,1.84586609875089e-19,TRUE
4068,"163",2025,56.5718,-52.6893,799.609,2.398946923,19.3569285660397,16.5156645156554,2.39894690655022,2.7059526878138e-16,TRUE
4069,"163",2025,56.5718,-52.6893,701.94,2.66735993,17.973250745765,17.9728356537458,2.56800822898934,0.0098707604937109,FALSE
4070,"163",2025,56.5718,-52.6893,601.183,2.86753831,19.85138987088,19.3553946131527,2.45631847420806,0.169101753348746,FALSE
4071,"163",2025,56.5718,-52.6893,500.505,2.953666171,20.2586882939312,20.2586838485273,2.45354437722981,0.250121808603913,FALSE
4072,"163",2025,56.5718,-52.6893,402.489,3.115176182,21.8171741716317,21.8166422357666,2.38111867270925,0.538840426946141,FALSE
4073,"163",2025,56.5718,-52.6893,300.763,3.084912846,21.5135753395617,21.5132000103475,2.39489635197289,0.476122762029466,FALSE
4074,"163",2025,56.5718,-52.6893,201.935,3.256148935,23.0136705029033,23.0132784560329,2.32832791505668,0.86085184504867,FALSE
4075,"163",2025,56.5718,-52.6893,99.783,3.595950912,22.9241581941703,22.9241249903662,2.33221019940912,1.59704058865971,FALSE
4076,"163",2025,56.5718,-52.6893,52.087,3.497419177,24.6140746983064,24.3353760718108,2.25186729296998,1.55139949581073,FALSE
4077,"177",2025,55.1108,-54.1393,950.26,2.76536041,18.7221439162578,18.7216188604385,2.52932942185671,0.0557106273638974,FALSE
4078,"177",2025,55.1108,-54.1393,860.826,3.031738794,21.0734701999905,21.056333971058,2.41457517624922,0.38089093107523,FALSE
4079,"177",2025,55.1108,-54.1393,860.826,3.133499326,21.7496862270242,21.7496618096536,2.38418382922968,0.561473713700146,FALSE
4080,"177",2025,55.1108,-54.1393,789.734,3.226920928,22.5328866607272,22.5327806807291,2.34927383693684,0.770264416451633,FALSE
4081,"177",2025,55.1108,-54.1393,699.074,3.151864319,21.9576699012481,21.9565611318647,2.37477840556871,0.603862516853344,FALSE
4082,"177",2025,55.1108,-54.1393,599.769,3.370586403,23.7196758430633,23.7182605319053,2.29820244453241,1.15000735437862,FALSE
4083,"177",2025,55.1108,-54.1393,497.998,3.519018113,23.9319544719923,23.9306570932442,2.28930649827551,1.51219065538832,FALSE
4084,"177",2025,55.1108,-54.1393,399.521,3.437768031,22.3844443979838,22.3837261261851,2.3557919740147,1.17067218788947,FALSE
4085,"177",2025,55.1108,-54.1393,299.893,3.602740529,22.9247398529021,22.9245553645503,2.33217991781859,1.61432426668568,FALSE
4086,"177",2025,55.1108,-54.1393,201.34,3.590985725,22.9309812626195,22.9302806865241,2.33189228770994,1.58531628382691,FALSE
4087,"177",2025,55.1108,-54.1393,150.181,3.594522356,22.935029837155,22.9324848828656,2.33165493452314,1.59483412422761,FALSE
4088,"177",2025,55.1108,-54.1393,100.229,4.035081323,17.1742258486655,17.1701738497004,2.6104933432289,2.02945091210831,FALSE
4089,"177",2025,55.1108,-54.1393,81.51,3.735881975,23.3331982618183,23.3302264486442,2.31452772432119,2.02024790592272,FALSE
4090,"177",2025,55.1108,-54.1393,60.445,4.139225234,17.237629273816,17.2345863195505,2.60709382699538,2.34742664832994,FALSE
4091,"177",2025,55.1108,-54.1393,49.978,4.165570348,17.0927208850551,17.0874418585474,2.61487939633183,2.40464242758555,FALSE
4092,"177",2025,55.1108,-54.1393,40.09,4.457630313,17.1473883000487,17.1436665019347,2.61196059997391,3.40649668958179,FALSE
4093,"177",2025,55.1108,-54.1393,30.677,4.704737794,17.2621907187457,17.2565395143343,2.60567831421539,4.40605069967364,FALSE
4094,"177",2025,55.1108,-54.1393,18.756,4.40607017,17.1912943366398,17.1697563699227,2.60897889317708,3.22953705723304,FALSE
4095,"177",2025,55.1108,-54.1393,10.688,4.435138306,17.3467700894746,17.3465829251916,2.60130129392225,3.36295818686623,FALSE
4096,"177",2025,55.1108,-54.1393,3.746,4.457313348,17.2536179784217,17.2303563398262,2.60554797671476,3.42903499029116,FALSE
4097,"180",2025,54.9552,-54.2947,359.102,3.341261721,23.4060773615998,23.4052253483938,2.31149319486655,1.06042321741506,FALSE
4098,"180",2025,54.9552,-54.2947,331.43,3.47558152,23.4046389258907,23.3961764376915,2.31129874694031,1.35555437564357,FALSE
4099,"180",2025,54.9552,-54.2947,331.43,3.466384742,23.7268526623595,23.7188402919097,2.29767915939572,1.36587273881042,FALSE
4100,"180",2025,54.9552,-54.2947,290.797,3.657270529,24.4919439960106,24.4793979908883,2.26577134177731,1.9362699880414,FALSE
4101,"180",2025,54.9552,-54.2947,252.487,3.591945313,22.9025042764284,22.901723236277,2.33312315889762,1.58463321565896,FALSE
4102,"180",2025,54.9552,-54.2947,200.25,4.171055415,17.0877425628272,17.0874631922728,2.61531870859757,2.42031669964789,FALSE
4103,"180",2025,54.9552,-54.2947,111.876,4.403476634,17.1391740599021,17.1387791787265,2.61251868564081,3.20753037279096,FALSE
4104,"180",2025,54.9552,-54.2947,101.438,4.323405514,17.3309247875836,17.3057036368826,2.60131056708668,2.96561100618438,FALSE
4105,"180",2025,54.9552,-54.2947,50.959,4.698663214,17.2485519574037,17.2350408712119,2.60615045978736,4.37860962654257,FALSE
4106,"180",2025,54.9552,-54.2947,20.344,4.817774346,17.23959160903,17.2222706824134,2.60650651447405,4.8897054227415,FALSE
4107,"180",2025,54.9552,-54.2947,11.153,5.264626256,17.0016739174832,16.983231697977,2.61940007614927,6.99722154256767,FALSE
4108,"180",2025,54.9552,-54.2947,4.921,5.252720007,16.9687153497408,16.9671225229137,2.62176908589461,6.92190274926532,FALSE
4109,"182",2025,54.76,-54.484,234.908,3.842180747,21.8884982333001,21.8837561540447,2.3777635328643,2.14451777705698,FALSE
4110,"182",2025,54.76,-54.484,199.294,4.288537723,17.3204431182232,17.3045083454426,2.60218843900642,2.84377390762565,FALSE
4111,"182",2025,54.76,-54.484,199.294,4.205410316,17.2912889889189,17.2446179883806,2.60272429706087,2.56860247530296,FALSE
4112,"182",2025,54.76,-54.484,149.715,4.580596025,17.2210074572615,17.2057527202359,2.60758153686673,3.89278617038379,FALSE
4113,"182",2025,54.76,-54.484,100.244,4.621799174,17.1664538968205,17.16626736359,2.61104508406015,4.04313201020983,FALSE
4114,"182",2025,54.76,-54.484,52.684,4.990332464,17.1197253238581,17.1052116793838,2.61309971527332,5.65123554161861,FALSE
4115,"182",2025,54.76,-54.484,20.982,5.377777073,16.5925323912476,16.5910934960196,2.64251959033038,7.48163349650012,FALSE
4116,"182",2025,54.76,-54.484,11.336,5.300868003,16.9704046930799,16.9696523745511,2.62170497281927,7.1779145422872,FALSE
4117,"182",2025,54.76,-54.484,3.478,5.268219856,16.9867468759785,16.9864940178812,2.62082820254276,7.00868256679504,FALSE
4118,"186",2025,54.4925,-54.7597,183.336,3.921700718,19.3864527765511,19.3863303606822,2.49600372621584,2.0326119123824,FALSE
4119,"186",2025,54.4925,-54.7597,150.895,4.042530942,17.0018796356605,16.9978246698598,2.61987329150234,2.02395479051951,FALSE
4120,"186",2025,54.4925,-54.7597,150.895,4.037679275,17.0002755742358,16.994812909984,2.61991352051337,2.01005973459504,FALSE
4121,"186",2025,54.4925,-54.7597,99.92,4.351392257,17.1125644874048,17.1054811062534,2.61373928882191,3.01943783781814,FALSE
4122,"186",2025,54.4925,-54.7597,50.163,4.513003505,17.20216748168,17.1546265137907,2.60751334520603,3.63089274907164,FALSE
4123,"186",2025,54.4925,-54.7597,20.262,5.025438247,17.0953924255741,17.0935706017223,2.61485047706863,5.81093339654268,FALSE
4124,"186",2025,54.4925,-54.7597,11.135,4.865239264,17.1880628335132,17.1871399593974,2.6098486617059,5.08678676891655,FALSE
4125,"186",2025,54.4925,-54.7597,4.372,4.95809348,17.1387233018225,17.1384747279555,2.61254809352363,5.5015831600206,FALSE
4126,"186",2025,54.4925,-54.7597,183.336,3.921700718,19.3864527765511,19.3863303606822,2.49600372621584,2.0326119123824,FALSE
4127,"186",2025,54.4925,-54.7597,150.895,4.042530942,17.0018796356605,16.9978246698598,2.61987329150234,2.02395479051951,FALSE
4128,"186",2025,54.4925,-54.7597,150.895,4.037679275,17.0002755742358,16.994812909984,2.61991352051337,2.01005973459504,FALSE
4129,"186",2025,54.4925,-54.7597,99.92,4.351392257,17.1125644874048,17.1054811062534,2.61373928882191,3.01943783781814,FALSE
4130,"186",2025,54.4925,-54.7597,50.163,4.513003505,17.20216748168,17.1546265137907,2.60751334520603,3.63089274907164,FALSE
4131,"186",2025,54.4925,-54.7597,20.262,5.025438247,17.0953924255741,17.0935706017223,2.61485047706863,5.81093339654268,FALSE
4132,"186",2025,54.4925,-54.7597,11.135,4.865239264,17.1880628335132,17.1871399593974,2.6098486617059,5.08678676891655,FALSE
4133,"186",2025,54.4925,-54.7597,4.372,4.95809348,17.1387233018225,17.1384747279555,2.61254809352363,5.5015831600206,FALSE
4134,"190",2025,54.22,-55.0227,158.274,4.236658961,17.2735389517505,17.2724347433666,2.60521862336157,2.66159757527379,FALSE
4135,"190",2025,54.22,-55.0227,158.274,4.201145585,17.1072299745743,17.0952758492259,2.61386528208425,2.5194587600243,FALSE
4136,"190",2025,54.22,-55.0227,99.875,4.76033197,17.2428210061521,17.2427001026484,2.60691155479102,4.63721948463882,FALSE
4137,"190",2025,54.22,-55.0227,49.06,5.310962043,16.931462760843,16.9285620987228,2.62376451032474,7.22103057961601,FALSE
4138,"190",2025,54.22,-55.0227,10.021,5.486653817,16.6166994643291,16.6137932612455,2.64112738973062,8.09702064828841,FALSE
4139,"190",2025,54.22,-55.0227,4.402,5.414888494,16.6017359755697,16.5972140200537,2.64190437784835,7.68944090842935,FALSE
4140,"195",2025,53.9882,-55.25,140.014,4.587066777,17.1519525891979,17.1519150668999,2.61183695228171,3.90153286045664,FALSE
4141,"195",2025,53.9882,-55.25,140.014,4.536774154,17.1803752543128,17.1686538144183,2.60990151528843,3.7128381658153,FALSE
4142,"195",2025,53.9882,-55.25,100.291,5.239350839,16.5655546636039,16.5616797318558,2.64393842735976,6.73616558649623,FALSE
4143,"195",2025,53.9882,-55.25,50.266,4.885521961,17.2027290989608,17.1942979541316,2.60880109063978,5.18345792153379,FALSE
4144,"195",2025,53.9882,-55.25,9.572,5.28907637,16.57679818498,16.5689436091853,2.64317899121021,7.0007729390867,FALSE
4145,"195",2025,53.9882,-55.25,3.23,5.077117931,17.08101375106,17.0805388783687,2.61567839672819,6.0586845808762,FALSE
4146,"190",2025,54.22,-55.0227,158.274,4.236658961,17.2735389517505,17.2724347433666,2.60521862336157,2.66159757527379,FALSE
4147,"190",2025,54.22,-55.0227,158.274,4.201145585,17.1072299745743,17.0952758492259,2.61386528208425,2.5194587600243,FALSE
4148,"190",2025,54.22,-55.0227,99.875,4.76033197,17.2428210061521,17.2427001026484,2.60691155479102,4.63721948463882,FALSE
4149,"190",2025,54.22,-55.0227,49.06,5.310962043,16.931462760843,16.9285620987228,2.62376451032474,7.22103057961601,FALSE
4150,"190",2025,54.22,-55.0227,10.021,5.486653817,16.6166994643291,16.6137932612455,2.64112738973062,8.09702064828841,FALSE
4151,"190",2025,54.22,-55.0227,4.402,5.414888494,16.6017359755697,16.5972140200537,2.64190437784835,7.68944090842935,FALSE
4152,"195",2025,53.9882,-55.25,140.014,4.587066777,17.1519525891979,17.1519150668999,2.61183695228171,3.90153286045664,FALSE
4153,"195",2025,53.9882,-55.25,140.014,4.536774154,17.1803752543128,17.1686538144183,2.60990151528843,3.7128381658153,FALSE
4154,"195",2025,53.9882,-55.25,100.291,5.239350839,16.5655546636039,16.5616797318558,2.64393842735976,6.73616558649623,FALSE
4155,"195",2025,53.9882,-55.25,50.266,4.885521961,17.2027290989608,17.1942979541316,2.60880109063978,5.18345792153379,FALSE
4156,"195",2025,53.9882,-55.25,9.572,5.28907637,16.57679818498,16.5689436091853,2.64317899121021,7.0007729390867,FALSE
4157,"195",2025,53.9882,-55.25,3.23,5.077117931,17.08101375106,17.0805388783687,2.61567839672819,6.0586845808762,FALSE
4158,"197",2025,53.7965,-55.4367,196.195,4.404202216,17.3489433560025,17.348899580058,2.60118914306052,3.25085614119068,FALSE
4159,"197",2025,53.7965,-55.4367,149.625,4.462093931,17.211216733116,17.2093948702883,2.60856417977671,3.43557253866987,FALSE
4160,"197",2025,53.7965,-55.4367,149.625,4.011677404,16.9649815177926,16.9647850562314,2.62202036049467,1.93114669856398,FALSE
4161,"197",2025,53.7965,-55.4367,99.584,5.034047078,16.5626351666274,16.5228464788356,2.64289368853243,5.71761453196225,FALSE
4162,"197",2025,53.7965,-55.4367,50.489,5.137631884,17.1112163844823,17.024353918349,2.6111240427693,6.38324187180019,FALSE
4163,"197",2025,53.7965,-55.4367,9.543,4.84118813,17.1803618969066,17.1716793783181,2.61000463447746,4.97817979069218,FALSE
4164,"197",2025,53.7965,-55.4367,3.371,5.212123068,17.0070721741837,17.0025425859859,2.61957369604745,6.72131224601158,FALSE
4165,"199",2025,53.68,-55.55,146.774,4.635636417,17.1563650084086,17.155875018995,2.61158223831621,4.09679531824732,FALSE
4166,"199",2025,53.68,-55.55,123.022,4.787624919,17.1992154081325,17.1920456259484,2.6090339139502,4.74625876728389,FALSE
4167,"199",2025,53.68,-55.55,123.022,4.796399604,17.2100214402712,17.2093069790117,2.60866620940312,4.7861774058344,FALSE
4168,"199",2025,53.68,-55.55,99.557,4.840403904,17.1833366888203,17.1692287869829,2.60966056247977,4.97621585573684,FALSE
4169,"199",2025,53.68,-55.55,50.428,5.22198468,16.5616807143628,16.5616739504155,2.64428407874345,6.64454038971837,FALSE
4170,"199",2025,53.68,-55.55,19.977,5.240983663,16.5652221660263,16.5623553565987,2.64399081779227,6.74437183806014,FALSE
4171,"199",2025,53.68,-55.55,10.385,5.240365988,16.5672214708186,16.5609426454934,2.64376485768877,6.74233742993354,FALSE
4172,"199",2025,53.68,-55.55,4.202,5.27836352,16.9785743969155,16.9752371476567,2.62117115354956,7.06067127232249,FALSE
4173,"201",2025,51.1828,-53.0007,460.174,3.425545498,23.8852350864901,23.8784723174454,2.29107628411221,1.28702039725918,FALSE
4174,"201",2025,51.1828,-53.0007,460.174,3.470194313,23.6966320711035,23.6910043478213,2.29903130449964,1.37162279247961,FALSE
4175,"201",2025,51.1828,-53.0007,449.247,3.315393164,23.1595613567409,23.133855843376,2.32119548462098,0.988429025682624,FALSE
4176,"201",2025,51.1828,-53.0007,398.43,3.496863894,24.126794192316,24.1256209207718,2.28120072572875,1.47783693869128,FALSE
4177,"201",2025,51.1828,-53.0007,350.892,3.488495273,24.4194312357576,24.4176230500705,2.26910330553181,1.48691677032594,FALSE
4178,"201",2025,51.1828,-53.0007,300.894,3.549377562,23.6447013927423,23.6145914446734,2.30039876555143,1.55994803397811,FALSE
4179,"201",2025,51.1828,-53.0007,250.089,3.89051726,20.4322836664679,20.4319112290029,2.44525168702165,2.08879257643644,FALSE
4180,"201",2025,51.1828,-53.0007,199.376,4.178812754,17.0851237070683,17.0841308720824,2.61543722061442,2.44414305838864,FALSE
4181,"201",2025,51.1828,-53.0007,150.28,4.326327457,17.1686615024755,17.1678092850448,2.61090291424986,2.94268136186951,FALSE
4182,"201",2025,51.1828,-53.0007,99.295,4.268180604,17.140080628873,17.1367158678834,2.61236940930938,2.74171071246276,FALSE
4183,"201",2025,51.1828,-53.0007,79.873,4.519911822,17.2045537388905,17.2043529909093,2.6089795942431,3.65166197907994,FALSE
4184,"201",2025,51.1828,-53.0007,69.558,5.004529813,16.5364577924898,16.5284196645623,2.64541908968902,5.56540340484084,FALSE
4185,"201",2025,51.1828,-53.0007,50.388,4.809008902,17.1599864326456,17.1564314276145,2.61128247233099,4.83000145966571,FALSE
4186,"201",2025,51.1828,-53.0007,40.35,4.682881953,17.23761865921,17.227046208488,2.60684065576913,4.30994746780804,FALSE
4187,"201",2025,51.1828,-53.0007,29.58,4.812093715,17.1728240379036,17.1704431630453,2.61062566231469,4.84646158699404,FALSE
4188,"201",2025,51.1828,-53.0007,19.597,4.495707253,17.245353462531,17.2327561112651,2.60635416844355,3.56965507812298,FALSE
4189,"201",2025,51.1828,-53.0007,10.259,4.505078095,17.1862912406765,17.1596140308878,2.60907684018231,3.59482075827026,FALSE
4190,"201",2025,51.1828,-53.0007,3.073,4.131940328,17.0455065989796,17.0198823012235,2.6167659139512,2.29575350498812,FALSE
4191,"61",2025,60.2092,-54.8145,150.6,3.6232,22.9371835565816,22.9342428274269,2.33154838346381,1.66836389850056,FALSE
4192,"61",2025,60.2092,-54.8145,100.498,3.703,24.3129831900798,24.3121462583935,2.27351414464694,2.04342981065446,FALSE
4193,"61",2025,60.2092,-54.8145,51.135,3.9239,18.8876771597266,18.8873016636458,2.5209436571798,1.96828649985943,FALSE
4194,"61",2025,60.2092,-54.8145,21.096,4.3489,17.1150189534803,17.1144841920953,2.6138264325911,3.01048028432104,FALSE
4195,"61",2025,60.2092,-54.8145,10.615,4.3839,17.3215355105799,17.3213762911632,2.6026613717481,3.1728110507767,FALSE
4196,"61",2025,60.2092,-54.8145,4.172,4.273,17.1634616484727,17.1609588720056,2.61112937332707,2.76181397979827,FALSE
4197,"78",2025,60.3498,-54.9458,150.425,3.496,24.1062638130344,24.1058674966385,2.28207864967295,1.47360504477985,FALSE
4198,"78",2025,60.3498,-54.9458,101.217,3.568,24.7302201548601,24.4378469402417,2.24668817374532,1.74586494220048,FALSE
4199,"78",2025,60.3498,-54.9458,50.516,3.988,16.9738824788612,16.9724109013167,2.6214905423759,1.86734809777611,FALSE
4200,"78",2025,60.3498,-54.9458,20.938,4.199,17.2495094358251,17.2492275423762,2.60654454781513,2.53591436719331,FALSE
4201,"78",2025,60.3498,-54.9458,11.363,4.071,17.0212679641243,17.0185691035789,2.6188602912697,2.10870973367132,FALSE
4202,"78",2025,60.3498,-54.9458,3.952,4.008,16.9804224169905,16.9713306460346,2.6208763656746,1.92411197690412,FALSE
4204,"93",2025,60.4503,-55.0112,501.388,3.128,21.9308264129523,21.9304022545021,2.37600663892813,0.565494015096167,FALSE
4205,"93",2025,60.4503,-55.0112,501.486,2.999,20.6618299625104,20.6614925980331,2.43438863159589,0.318785997331159,FALSE
4206,"93",2025,60.4503,-55.0112,501.539,3.084,21.5218574808636,21.5218308267226,2.39453034772433,0.475368401409129,FALSE
4207,"93",2025,60.4503,-55.0112,501.739,2.96,20.3522874629307,20.3520726304479,2.44906581432158,0.261053742094868,FALSE
4208,"93",2025,60.4503,-55.0112,501.912,2.899,19.8687994252708,19.8681567490501,2.4723245652192,0.182051926645381,FALSE
4209,"93",2025,60.4503,-55.0112,501.879,2.953,20.2091069791838,20.2087774231204,2.45590855492285,0.247099904768885,FALSE
4210,"93",2025,60.4503,-55.0112,501.801,3.049,21.1385759445972,21.1379756034017,2.41211841629312,0.405618151664984,FALSE
4211,"93",2025,60.4503,-55.0112,502.068,2.908,19.907679298102,19.9041713252368,2.47033974931229,0.191546495032031,FALSE
4212,"93",2025,60.4503,-55.0112,150.885,3.236,22.6408271375144,22.6389745178577,2.34448257010832,0.794803327800666,FALSE
4213,"93",2025,60.4503,-55.0112,101.574,3.279,23.3361856939937,23.3336792366314,2.31441589240959,0.930422500615978,FALSE
4214,"93",2025,60.4503,-55.0112,50.803,3.932,18.9715482722636,18.9694392628796,2.51665489587178,2.00320176377973,FALSE
4215,"93",2025,60.4503,-55.0112,20.628,4.135,17.2311075904225,17.224250231672,2.60731803253953,2.3338121937039,FALSE
4216,"93",2025,60.4503,-55.0112,10.821,4.147,17.2387007176895,17.2319813176237,2.60691198939235,2.37187108041741,FALSE
4217,"93",2025,60.4503,-55.0112,3.688,4.212,17.0677339254186,17.061940677488,2.61622246024873,2.5465059563746,FALSE
4218,"107",2025,60.1542,-53.7438,3339.694,2.181449462,21.2803776535395,15.0008676779654,2.18144946199146,7.29818944063478e-23,TRUE
4219,"107",2025,60.1542,-53.7438,3201.782,1.924537062,23.7489778590009,13.5557751457711,1.92453704781993,2.01074517647419e-16,TRUE
4220,"107",2025,60.1542,-53.7438,3201.782,1.974370397,23.2924968066081,13.8972475301905,1.97437037712346,3.95076814677775e-16,TRUE
4221,"107",2025,60.1542,-53.7438,3120.757,1.742118703,25.5030715325154,12.4054428655014,1.74211870077622,4.94521251966244e-18,TRUE
4222,"107",2025,60.1542,-53.7438,3021.287,1.790856068,25.0216742967223,12.7005575803961,1.79085606407523,1.54037991438311e-17,TRUE
4223,"107",2025,60.1542,-53.7438,2901.788,1.676618816,26.1650457862521,12.0185299297642,1.67661881479965,1.44085194973395e-18,TRUE
4224,"107",2025,60.1542,-53.7438,2770.926,1.46374743,28.4398423046527,10.7922360028931,1.4637474313818,1.90936942048881e-18,TRUE
4225,"107",2025,60.1542,-53.7438,2621.623,1.466373726,28.4105724429067,10.8073814685035,1.4663737277672,3.12298464767248e-18,TRUE
4226,"107",2025,60.1542,-53.7438,2460.952,1.470164214,28.3683834727783,10.8292324870457,1.47016421641753,5.84446503529137e-18,TRUE
4227,"107",2025,60.1542,-53.7438,2260.967,1.514942039,27.8749078539199,11.0867570687453,1.51494206607266,7.32928697201243e-16,TRUE
4228,"107",2025,60.1542,-53.7438,2062.007,1.608362039,26.8735314746231,11.6231000758998,1.60836203803548,9.30307862853328e-19,TRUE
4229,"107",2025,60.1542,-53.7438,1851.062,1.926560587,23.7302483573871,13.569361776123,1.92656057260164,2.07312650922298e-16,TRUE
4230,"107",2025,60.1542,-53.7438,1640.492,2.072660076,22.4229272038031,14.6209869870266,2.07266007539713,3.63449263156031e-19,TRUE
4231,"107",2025,60.1542,-53.7438,1427.168,2.483654058,18.6489936424252,17.2047917993058,2.48365407231291,2.04859429899039e-16,TRUE
4232,"107",2025,60.1542,-53.7438,1229.639,2.394540463,19.3944681707717,16.4817150598225,2.39454044054421,5.04262469857036e-16,TRUE
4233,"107",2025,60.1542,-53.7438,1030.626,2.389710573,19.4356907594363,16.4446963756896,2.38971054228171,9.43613266893797e-16,TRUE
4234,"107",2025,60.1542,-53.7438,751.948,2.694219882,18.2097579843774,18.2089273805228,2.55565187472786,0.0192010926393712,FALSE
4235,"107",2025,60.1542,-53.7438,480.577,3.100715818,21.6421908176163,21.6412414457173,2.38902336358158,0.506506149676114,FALSE
4236,"107",2025,60.1542,-53.7438,211.065,3.316320023,22.896866043883,22.8962827469317,2.33337420645791,0.966182478257592,FALSE
4237,"107",2025,60.1542,-53.7438,210.825,3.282792068,23.076794213729,23.0751548951624,2.32556424612802,0.916285102965775,FALSE
4238,"107",2025,60.1542,-53.7438,100.652,3.495935764,24.1339846864856,24.1326443075896,2.28089690690595,1.47631942424841,FALSE
4239,"107",2025,60.1542,-53.7438,50.545,3.791393194,22.0608431738588,22.0558735233273,2.3700273567199,2.02028084338695,FALSE
4240,"107",2025,60.1542,-53.7438,25.743,3.975296297,16.9411735587963,16.9273047838555,2.62286333941361,1.82907490476587,FALSE
4241,"107",2025,60.1542,-53.7438,4.343,3.975738923,16.9420364078809,16.9367000433031,2.62310331801465,1.82962307987409,FALSE
